0.000000
0.000423
0.000845
0.001267
0.001688
0.002109
0.002529
0.002949
0.003368
0.003787
0.004205
0.004623
0.005040
0.005457
0.005873
0.006289
0.006704
0.007118
0.007533
0.007946
0.008359
0.008771
0.009183
0.009594
0.010005
0.010415
0.010824
0.011233
0.011642
0.012049
0.012456
0.012863
0.013269
0.013674
0.014078
0.014482
0.014886
0.015288
0.015690
0.016092
0.016493
0.016893
0.017292
0.017691
0.018089
0.018486
0.018883
0.019279
0.019674
0.020069
0.020463
0.020856
0.021248
0.021640
0.022031
0.022422
0.022811
0.023200
0.023588
0.023976
0.024362
0.024748
0.025133
0.025518
0.025901
0.026284
0.026666
0.027048
0.027428
0.027808
0.028187
0.028565
0.028943
0.029319
0.029695
0.030070
0.030444
0.030818
0.031190
0.031562
0.031933
0.032303
0.032672
0.033040
0.033408
0.033774
0.034140
0.034505
0.034869
0.035233
0.035595
0.035956
0.036317
0.036677
0.037036
0.037394
0.037751
0.038107
0.038462
0.038817
0.039170
0.039523
0.039874
0.040225
0.040575
0.040924
0.041272
0.041619
0.041965
0.042310
0.042655
0.042998
0.043340
0.043682
0.044022
0.044362
0.044700
0.045038
0.045374
0.045710
0.046044
0.046378
0.046711
0.047043
0.047373
0.047703
0.048032
0.048359
0.048686
0.049012
0.049337
0.049660
0.049983
0.050305
0.050625
0.050945
0.051264
0.051581
0.051898
0.052213
0.052528
0.052841
0.053154
0.053465
0.053775
0.054084
0.054393
0.054700
0.055006
0.055311
0.055615
0.055918
0.056219
0.056520
0.056820
0.057118
0.057416
0.057712
0.058007
0.058302
0.058595
0.058887
0.059178
0.059467
0.059756
0.060044
0.060330
0.060615
0.060900
0.061183
0.061465
0.061746
0.062026
0.062304
0.062582
0.062858
0.063133
0.063407
0.063680
0.063952
0.064223
0.064492
0.064761
0.065028
0.065294
0.065559
0.065823
0.066085
0.066347
0.066607
0.066866
0.067124
0.067381
0.067636
0.067891
0.068144
0.068396
0.068647
0.068896
0.069145
0.069392
0.069638
0.069883
0.070127
0.070370
0.070611
0.070851
0.071090
0.071328
0.071564
0.071800
0.072034
0.072267
0.072498
0.072729
0.072958
0.073186
0.073413
0.073638
0.073863
0.074086
0.074308
0.074529
0.074748
0.074966
0.075183
0.075399
0.075614
0.075827
0.076039
0.076250
0.076459
0.076668
0.076875
0.077080
0.077285
0.077488
0.077690
0.077891
0.078091
0.078289
0.078486
0.078682
0.078877
0.079070
0.079262
0.079453
0.079642
0.079830
0.080017
0.080203
0.080387
0.080571
0.080752
0.080933
0.081112
0.081290
0.081467
0.081643
0.081817
0.081990
0.082162
0.082332
0.082501
0.082669
0.082836
0.083001
0.083165
0.083328
0.083489
0.083649
0.083808
0.083965
0.084122
0.084277
0.084430
0.084583
0.084734
0.084884
0.085032
0.085179
0.085325
0.085470
0.085613
0.085755
0.085896
0.086035
0.086173
0.086310
0.086446
0.086580
0.086713
0.086844
0.086975
0.087104
0.087232
0.087358
0.087483
0.087607
0.087729
0.087850
0.087970
0.088089
0.088206
0.088322
0.088437
0.088550
0.088662
0.088773
0.088882
0.088990
0.089097
0.089203
0.089307
0.089410
0.089511
0.089612
0.089711
0.089808
0.089905
0.090000
0.090093
0.090186
0.090277
0.090367
0.090455
0.090542
0.090628
0.090713
0.090796
0.090878
0.090959
0.091038
0.091116
0.091193
0.091268
0.091342
0.091415
0.091486
0.091557
0.091625
0.091693
0.091759
0.091824
0.091888
0.091950
0.092011
0.092071
0.092130
0.092187
0.092243
0.092297
0.092350
0.092402
0.092453
0.092502
0.092550
0.092597
0.092642
0.092687
0.092729
0.092771
0.092811
0.092850
0.092888
0.092924
0.092959
0.092993
0.093026
0.093057
0.093087
0.093116
0.093143
0.093169
0.093194
0.093217
0.093239
0.093260
0.093280
0.093298
0.093316
0.093331
0.093346
0.093359
0.093371
0.093382
0.093391
0.093400
0.093406
0.093412
0.093416
0.093420
0.093421
0.093422
0.093421
0.093419
0.093416
0.093412
0.093406
0.093399
0.093391
0.093381
0.093370
0.093358
0.093345
0.093330
0.093315
0.093298
0.093279
0.093260
0.093239
0.093217
0.093194
0.093169
0.093144
0.093117
0.093089
0.093059
0.093029
0.092997
0.092964
0.092929
0.092894
0.092857
0.092819
0.092780
0.092740
0.092698
0.092655
0.092611
0.092566
0.092519
0.092472
0.092423
0.092373
0.092321
0.092269
0.092215
0.092160
0.092104
0.092047
0.091989
0.091929
0.091868
0.091806
0.091743
0.091679
0.091613
0.091547
0.091479
0.091410
0.091340
0.091268
0.091196
0.091122
0.091047
0.090971
0.090894
0.090816
0.090736
0.090656
0.090574
0.090491
0.090407
0.090322
0.090235
0.090148
0.090059
0.089970
0.089879
0.089787
0.089694
0.089600
0.089504
0.089408
0.089310
0.089212
0.089112
0.089011
0.088909
0.088806
0.088702
0.088597
0.088491
0.088383
0.088275
0.088165
0.088054
0.087943
0.087830
0.087716
0.087601
0.087485
0.087368
0.087250
0.087131
0.087011
0.086889
0.086767
0.086644
0.086519
0.086394
0.086267
0.086140
0.086011
0.085882
0.085751
0.085619
0.085487
0.085353
0.085219
0.085083
0.084946
0.084809
0.084670
0.084530
0.084390
0.084248
0.084105
0.083962
0.083817
0.083672
0.083525
0.083378
0.083229
0.083080
0.082929
0.082778
0.082626
0.082472
0.082318
0.082163
0.082007
0.081850
0.081692
0.081533
0.081374
0.081213
0.081051
0.080889
0.080725
0.080561
0.080396
0.080230
0.080063
0.079895
0.079726
0.079556
0.079386
0.079214
0.079042
0.078869
0.078695
0.078520
0.078344
0.078167
0.077990
0.077812
0.077632
0.077452
0.077272
0.077090
0.076908
0.076724
0.076540
0.076355
0.076170
0.075983
0.075796
0.075608
0.075419
0.075229
0.075038
0.074847
0.074655
0.074462
0.074269
0.074074
0.073879
0.073683
0.073487
0.073290
0.073091
0.072893
0.072693
0.072493
0.072292
0.072090
0.071888
0.071684
0.071481
0.071276
0.071071
0.070865
0.070658
0.070451
0.070243
0.070034
0.069825
0.069615
0.069404
0.069193
0.068981
0.068768
0.068555
0.068341
0.068127
0.067912
0.067696
0.067479
0.067262
0.067045
0.066827
0.066608
0.066388
0.066168
0.065948
0.065727
0.065505
0.065283
0.065060
0.064836
0.064612
0.064388
0.064163
0.063937
0.063711
0.063484
0.063257
0.063029
0.062801
0.062572
0.062343
0.062113
0.061883
0.061653
0.061421
0.061190
0.060958
0.060725
0.060492
0.060258
0.060024
0.059790
0.059555
0.059320
0.059084
0.058848
0.058611
0.058374
0.058137
0.057899
0.057661
0.057422
0.057183
0.056944
0.056704
0.056464
0.056224
0.055983
0.055742
0.055500
0.055259
0.055016
0.054774
0.054531
0.054288
0.054045
0.053801
0.053557
0.053312
0.053068
0.052823
0.052578
0.052332
0.052086
0.051840
0.051594
0.051348
0.051101
0.050854
0.050607
0.050359
0.050112
0.049864
0.049616
0.049368
0.049119
0.048870
0.048622
0.048373
0.048123
0.047874
0.047625
0.047375
0.047125
0.046875
0.046625
0.046375
0.046125
0.045874
0.045624
0.045373
0.045123
0.044872
0.044621
0.044370
0.044119
0.043868
0.043617
0.043366
0.043114
0.042863
0.042612
0.042360
0.042109
0.041858
0.041606
0.041355
0.041104
0.040853
0.040601
0.040350
0.040099
0.039848
0.039596
0.039345
0.039094
0.038843
0.038593
0.038342
0.038091
0.037841
0.037590
0.037340
0.037089
0.036839
0.036589
0.036339
0.036090
0.035840
0.035591
0.035342
0.035092
0.034844
0.034595
0.034346
0.034098
0.033850
0.033602
0.033355
0.033107
0.032860
0.032613
0.032366
0.032120
0.031874
0.031628
0.031382
0.031137
0.030892
0.030647
0.030403
0.030159
0.029915
0.029672
0.029429
0.029186
0.028943
0.028701
0.028460
0.028218
0.027978
0.027737
0.027497
0.027257
0.027018
0.026779
0.026541
0.026303
0.026065
0.025828
0.025591
0.025355
0.025120
0.024884
0.024650
0.024415
0.024182
0.023948
0.023716
0.023484
0.023252
0.023021
0.022790
0.022561
0.022331
0.022102
0.021874
0.021646
0.021419
0.021193
0.020967
0.020742
0.020518
0.020294
0.020070
0.019848
0.019626
0.019405
0.019184
0.018964
0.018745
0.018526
0.018309
0.018092
0.017875
0.017660
0.017445
0.017231
0.017018
0.016805
0.016593
0.016382
0.016172
0.015963
0.015754
0.015546
0.015340
0.015133
0.014928
0.014724
0.014520
0.014318
0.014116
0.013915
0.013715
0.013516
0.013318
0.013121
0.012924
0.012729
0.012535
0.012341
0.012149
0.011957
0.011767
0.011577
0.011389
0.011201
0.011015
0.010829
0.010645
0.010462
0.010279
0.010098
0.009918
0.009739
0.009561
0.009384
0.009208
0.009034
0.008860
0.008688
0.008516
0.008346
0.008177
0.008009
0.007843
0.007677
0.007513
0.007350
0.007188
0.007028
0.006869
0.006711
0.006554
0.006398
0.006244
0.006091
0.005939
0.005789
0.005640
0.005492
0.005345
0.005200
0.005056
0.004914
0.004773
0.004633
0.004495
0.004358
0.004223
0.004089
0.003956
0.003825
0.003695
0.003567
0.003440
0.003314
0.003190
0.003068
0.002947
0.002828
0.002710
0.002593
0.002479
0.002365
0.002254
0.002143
0.002035
0.001928
0.001822
0.001719
0.001616
0.001516
0.001417
0.001320
0.001224
0.001130
0.001038
0.000947
0.000858
0.000771
0.000686
0.000602
0.000520
0.000440
0.000361
0.000285
0.000210
0.000137
0.000065
-0.000004
-0.000072
-0.000138
-0.000202
-0.000264
-0.000325
-0.000383
-0.000440
-0.000495
-0.000547
-0.000598
-0.000647
-0.000694
-0.000740
-0.000783
-0.000824
-0.000863
-0.000901
-0.000936
-0.000969
-0.001000
-0.001030
-0.001057
-0.001082
-0.001105
-0.001126
-0.001145
-0.001162
-0.001177
-0.001189
-0.001200
-0.001208
-0.001215
-0.001219
-0.001221
-0.001220
-0.001218
-0.001213
-0.001207
-0.001198
-0.001186
-0.001173
-0.001157
-0.001139
-0.001119
-0.001096
-0.001071
-0.001044
-0.001015
-0.000983
-0.000949
-0.000912
-0.000874
-0.000832
-0.000789
-0.000743
-0.000695
-0.000644
-0.000591
-0.000535
-0.000477
-0.000416
-0.000353
-0.000288
-0.000220
-0.000149
-0.000076
-0.000001
0.000076
0.000152
0.000228
0.000304
0.000380
0.000455
0.000530
0.000605
0.000679
0.000753
0.000827
0.000900
0.000973
0.001046
0.001119
0.001191
0.001263
0.001335
0.001406
0.001477
0.001548
0.001618
0.001689
0.001759
0.001828
0.001898
0.001967
0.002035
0.002104
0.002172
0.002240
0.002307
0.002375
0.002442
0.002509
0.002575
0.002641
0.002707
0.002772
0.002838
0.002903
0.002967
0.003032
0.003096
0.003160
0.003223
0.003286
0.003349
0.003412
0.003474
0.003537
0.003598
0.003660
0.003721
0.003782
0.003843
0.003903
0.003963
0.004023
0.004082
0.004141
0.004200
0.004259
0.004317
0.004375
0.004433
0.004491
0.004548
0.004605
0.004661
0.004718
0.004774
0.004830
0.004885
0.004940
0.004995
0.005050
0.005104
0.005158
0.005212
0.005265
0.005319
0.005372
0.005424
0.005477
0.005529
0.005580
0.005632
0.005683
0.005734
0.005785
0.005835
0.005885
0.005935
0.005985
0.006034
0.006083
0.006132
0.006180
0.006228
0.006276
0.006324
0.006371
0.006418
0.006465
0.006511
0.006557
0.006603
0.006649
0.006694
0.006739
0.006784
0.006829
0.006873
0.006917
0.006961
0.007004
0.007047
0.007090
0.007133
0.007175
0.007217
0.007259
0.007301
0.007342
0.007383
0.007423
0.007464
0.007504
0.007544
0.007584
0.007623
0.007662
0.007701
0.007739
0.007777
0.007815
0.007853
0.007891
0.007928
0.007965
0.008001
0.008038
0.008074
0.008110
0.008145
0.008180
0.008215
0.008250
0.008285
0.008319
0.008353
0.008387
0.008420
0.008453
0.008486
0.008519
0.008551
0.008583
0.008615
0.008647
0.008678
0.008709
0.008740
0.008770
0.008801
0.008831
0.008860
0.008890
0.008919
0.008948
0.008977
0.009005
0.009033
0.009061
0.009089
0.009116
0.009143
0.009170
0.009197
0.009223
0.009249
0.009275
0.009301
0.009326
0.009351
0.009376
0.009401
0.009425
0.009449
0.009473
0.009497
0.009520
0.009543
0.009566
0.009588
0.009611
0.009633
0.009655
0.009676
0.009697
0.009718
0.009739
0.009760
0.009780
0.009800
0.009820
0.009840
0.009859
0.009878
0.009897
0.009915
0.009934
0.009952
0.009970
0.009987
0.010005
0.010022
0.010039
0.010055
0.010072
0.010088
0.010104
0.010119
0.010135
0.010150
0.010165
0.010180
0.010194
0.010208
0.010222
0.010236
0.010249
0.010263
0.010276
0.010289
0.010301
0.010313
0.010326
0.010337
0.010349
0.010360
0.010372
0.010382
0.010393
0.010404
0.010414
0.010424
0.010434
0.010443
0.010452
0.010461
0.010470
0.010479
0.010487
0.010495
0.010503
0.010511
0.010518
0.010526
0.010533
0.010539
0.010546
0.010552
0.010558
0.010564
0.010570
0.010575
0.010581
0.010586
0.010590
0.010595
0.010599
0.010603
0.010607
0.010611
0.010614
0.010618
0.010621
0.010623
0.010626
0.010628
0.010631
0.010633
0.010634
0.010636
0.010637
0.010638
0.010639
0.010640
0.010640
0.010640
0.010640
0.010640
0.010640
0.010639
0.010638
0.010637
0.010636
0.010634
0.010633
0.010631
0.010629
0.010627
0.010624
0.010621
0.010618
0.010615
0.010612
0.010609
0.010605
0.010601
0.010597
0.010592
0.010588
0.010583
0.010578
0.010573
0.010568
0.010562
0.010557
0.010551
0.010545
0.010538
0.010532
0.010525
0.010518
0.010511
0.010504
0.010496
0.010489
0.010481
0.010473
0.010465
0.010456
0.010448
0.010439
0.010430
0.010421
0.010411
0.010402
0.010392
0.010382
0.010372
0.010362
0.010351
0.010341
0.010330
0.010319
0.010307
0.010296
0.010284
0.010273
0.010261
0.010249
0.010236
0.010224
0.010211
0.010198
0.010185
0.010172
0.010159
0.010145
0.010132
0.010118
0.010104
0.010090
0.010075
0.010061
0.010046
0.010031
0.010016
0.010001
0.009985
0.009970
0.009954
0.009938
0.009922
0.009906
0.009889
0.009873
0.009856
0.009839
0.009822
0.009805
0.009787
0.009770
0.009752
0.009734
0.009716
0.009698
0.009680
0.009661
0.009643
0.009624
0.009605
0.009586
0.009567
0.009547
0.009528
0.009508
0.009488
0.009468
0.009448
0.009427
0.009407
0.009386
0.009366
0.009345
0.009324
0.009302
0.009281
0.009259
0.009238
0.009216
0.009194
0.009172
0.009150
0.009127
0.009105
0.009082
0.009060
0.009037
0.009014
0.008990
0.008967
0.008944
0.008920
0.008896
0.008873
0.008849
0.008824
0.008800
0.008776
0.008751
0.008727
0.008702
0.008677
0.008652
0.008627
0.008602
0.008576
0.008551
0.008525
0.008499
0.008473
0.008447
0.008421
0.008395
0.008368
0.008342
0.008315
0.008289
0.008262
0.008235
0.008208
0.008181
0.008153
0.008126
0.008098
0.008071
0.008043
0.008015
0.007987
0.007959
0.007931
0.007902
0.007874
0.007845
0.007817
0.007788
0.007759
0.007730
0.007701
0.007672
0.007643
0.007613
0.007584
0.007554
0.007525
0.007495
0.007465
0.007435
0.007405
0.007375
0.007345
0.007315
0.007284
0.007254
0.007223
0.007192
0.007162
0.007131
0.007100
0.007069
0.007038
0.007006
0.006975
0.006944
0.006912
0.006881
0.006849
0.006817
0.006786
0.006754
0.006722
0.006690
0.006658
0.006626
0.006593
0.006561
0.006529
0.006496
0.006464
0.006431
0.006398
0.006365
0.006333
0.006300
0.006267
0.006234
0.006201
0.006167
0.006134
0.006101
0.006067
0.006034
0.006001
0.005967
0.005933
0.005900
0.005866
0.005832
0.005798
0.005764
0.005730
0.005696
0.005662
0.005628
0.005594
0.005560
0.005526
0.005491
0.005457
0.005422
0.005388
0.005353
0.005319
0.005284
0.005250
0.005215
0.005180
0.005145
0.005111
0.005076
0.005041
0.005006
0.004971
0.004936
0.004901
0.004866
0.004831
0.004795
0.004760
0.004725
0.004690
0.004654
0.004619
0.004584
0.004548
0.004513
0.004478
0.004442
0.004407
0.004371
0.004336
0.004300
0.004265
0.004229
0.004193
0.004158
0.004122
0.004086
0.004051
0.004015
0.003979
0.003944
0.003908
0.003872
0.003837
0.003801
0.003765
0.003729
0.003693
0.003658
0.003622
0.003586
0.003550
0.003515
0.003479
0.003443
0.003407
0.003371
0.003336
0.003300
0.003264
0.003228
0.003192
0.003157
0.003121
0.003085
0.003049
0.003014
0.002978
0.002942
0.002907
0.002871
0.002835
0.002800
0.002764
0.002728
0.002693
0.002657
0.002621
0.002586
0.002550
0.002515
0.002479
0.002444
0.002409
0.002373
0.002338
0.002302
0.002267
0.002232
0.002197
0.002161
0.002126
0.002091
0.002056
0.002021
0.001986
0.001951
0.001916
0.001881
0.001846
0.001811
0.001776
0.001742
0.001707
0.001672
0.001638
0.001603
0.001568
0.001534
0.001500
0.001465
0.001431
0.001397
0.001362
0.001328
0.001294
0.001260
0.001226
0.001192
0.001158
0.001124
0.001091
0.001057
0.001023
0.000990
0.000956
0.000923
0.000890
0.000856
0.000823
0.000790
0.000757
0.000724
0.000691
0.000658
0.000625
0.000593
0.000560
0.000527
0.000495
0.000463
0.000430
0.000398
0.000366
0.000334
0.000302
0.000270
0.000238
0.000206
0.000175
0.000143
0.000112
0.000080
0.000049
0.000018
-0.000013
-0.000044
-0.000075
-0.000106
-0.000136
-0.000167
-0.000197
-0.000228
-0.000258
-0.000288
-0.000318
-0.000348
-0.000378
-0.000408
-0.000437
-0.000467
-0.000496
-0.000525
-0.000554
-0.000583
-0.000612
-0.000641
-0.000670
-0.000698
-0.000727
-0.000755
-0.000783
-0.000812
-0.000839
-0.000867
-0.000895
-0.000923
-0.000950
-0.000977
-0.001004
-0.001032
-0.001058
-0.001085
-0.001112
-0.001138
-0.001165
-0.001191
-0.001217
-0.001243
-0.001269
-0.001295
-0.001320
-0.001345
-0.001371
-0.001396
-0.001421
-0.001445
-0.001470
-0.001495
-0.001519
-0.001543
-0.001567
-0.001591
-0.001615
-0.001638
-0.001662
-0.001685
-0.001708
-0.001731
-0.001753
-0.001776
-0.001798
-0.001821
-0.001843
-0.001865
-0.001886
-0.001908
-0.001929
-0.001951
-0.001972
-0.001992
-0.002013
-0.002034
-0.002054
-0.002074
-0.002094
-0.002114
-0.002133
-0.002153
-0.002172
-0.002191
-0.002210
-0.002229
-0.002247
-0.002265
-0.002283
-0.002301
-0.002319
-0.002336
-0.002354
-0.002371
-0.002388
-0.002404
-0.002421
-0.002437
-0.002453
-0.002469
-0.002485
-0.002500
-0.002516
-0.002531
-0.002545
-0.002560
-0.002574
-0.002589
-0.002603
-0.002616
-0.002630
-0.002643
-0.002656
-0.002669
-0.002682
-0.002694
-0.002706
-0.002718
-0.002730
-0.002742
-0.002753
-0.002764
-0.002775
-0.002785
-0.002796
-0.002806
-0.002816
-0.002825
-0.002835
-0.002844
-0.002853
-0.002861
-0.002870
-0.002878
-0.002886
-0.002894
-0.002901
-0.002908
-0.002915
-0.002922
-0.002928
-0.002934
-0.002940
-0.002946
-0.002951
-0.002956
-0.002961
-0.002966
-0.002970
-0.002974
-0.002978
-0.002982
-0.002985
-0.002988
-0.002991
-0.002993
-0.002995
-0.002997
-0.002999
-0.003000
-0.003001
-0.003002
-0.003003
-0.003003
-0.003003
-0.003002
-0.003002
-0.003001
-0.003000
-0.002998
-0.002996
-0.002994
-0.002992
-0.002989
-0.002986
-0.002983
-0.002980
-0.002976
-0.002972
-0.002967
-0.002962
-0.002957
-0.002952
-0.002946
-0.002940
-0.002934
-0.002927
-0.002920
-0.002913
-0.002905
-0.002898
-0.002889
-0.002881
-0.002872
-0.002863
-0.002853
-0.002844
-0.002833
-0.002823
-0.002812
-0.002801
-0.002790
-0.002778
-0.002766
-0.002753
-0.002741
-0.002727
-0.002714
-0.002700
-0.002686
-0.002672
-0.002657
-0.002642
-0.002626
-0.002610
-0.002594
-0.002577
-0.002560
-0.002543
-0.002526
-0.002508
-0.002489
-0.002471
-0.002451
-0.002432
-0.002412
-0.002392
-0.002372
-0.002351
-0.002330
-0.002308
-0.002286
-0.002264
-0.002241
-0.002218
-0.002194
-0.002170
-0.002146
-0.002122
-0.002097
-0.002071
-0.002045
-0.002019
-0.001993
-0.001966
-0.001939
-0.001911
-0.001883
-0.001854
-0.001825
-0.001796
-0.001767
-0.001736
-0.001706
-0.001675
-0.001644
-0.001612
-0.001580
-0.001548
-0.001515
-0.001481
-0.001448
-0.001414
-0.001379
-0.001344
-0.001309
-0.001273
-0.001237
-0.001200
-0.001163
-0.001126
-0.001088
-0.001049
-0.001011
-0.000971
-0.000932
-0.000892
-0.000851
-0.000810
-0.000769
-0.000727
-0.000685
-0.000642
-0.000599
-0.000556
-0.000512
-0.000467
-0.000422
-0.000377
-0.000331
-0.000285
-0.000238
-0.000191
-0.000144
-0.000096
-0.000047
0.000002
0.000051
0.000100
0.000149
0.000198
0.000247
0.000296
0.000345
0.000394
0.000443
0.000492
0.000541
0.000590
0.000639
0.000687
0.000736
0.000785
0.000833
0.000882
0.000930
0.000979
0.001027
0.001076
0.001124
0.001173
0.001221
0.001269
0.001317
0.001365
0.001414
0.001462
0.001510
0.001558
0.001605
0.001653
0.001701
0.001749
0.001797
0.001844
0.001892
0.001939
0.001987
0.002034
0.002082
0.002129
0.002176
0.002224
0.002271
0.002318
0.002365
0.002412
0.002459
0.002506
0.002552
0.002599
0.002646
0.002692
0.002739
0.002785
0.002832
0.002878
0.002924
0.002970
0.003016
0.003062
0.003108
0.003154
0.003200
0.003246
0.003292
0.003337
0.003383
0.003428
0.003474
0.003519
0.003564
0.003609
0.003654
0.003699
0.003744
0.003789
0.003834
0.003879
0.003923
0.003968
0.004012
0.004057
0.004101
0.004145
0.004189
0.004233
0.004277
0.004321
0.004365
0.004408
0.004452
0.004495
0.004539
0.004582
0.004625
0.004668
0.004711
0.004754
0.004797
0.004840
0.004883
0.004925
0.004968
0.005010
0.005052
0.005095
0.005137
0.005179
0.005221
0.005262
0.005304
0.005346
0.005387
0.005429
0.005470
0.005511
0.005552
0.005593
0.005634
0.005675
0.005716
0.005756
0.005797
0.005837
0.005877
0.005918
0.005958
0.005998
0.006038
0.006077
0.006117
0.006156
0.006196
0.006235
0.006274
0.006313
0.006352
0.006391
0.006430
0.006469
0.006507
0.006546
0.006584
0.006622
0.006660
0.006698
0.006736
0.006774
0.006811
0.006849
0.006886
0.006923
0.006961
0.006998
0.007035
0.007071
0.007108
0.007144
0.007181
0.007217
0.007253
0.007289
0.007325
0.007361
0.007397
0.007432
0.007468
0.007503
0.007538
0.007574
0.007608
0.007643
0.007678
0.007713
0.007747
0.007781
0.007816
0.007850
0.007884
0.007917
0.007951
0.007985
0.008018
0.008051
0.008084
0.008117
0.008150
0.008183
0.008216
0.008248
0.008281
0.008313
0.008345
0.008377
0.008409
0.008441
0.008472
0.008504
0.008535
0.008566
0.008597
0.008628
0.008659
0.008689
0.008720
0.008750
0.008780
0.008810
0.008840
0.008870
0.008900
0.008929
0.008959
0.008988
0.009017
0.009046
0.009075
0.009104
0.009132
0.009161
0.009189
0.009217
0.009245
0.009273
0.009300
0.009328
0.009355
0.009383
0.009410
0.009437
0.009464
0.009490
0.009517
0.009543
0.009570
0.009596
0.009622
0.009647
0.009673
0.009699
0.009724
0.009749
0.009774
0.009799
0.009824
0.009849
0.009873
0.009898
0.009922
0.009946
0.009970
0.009994
0.010017
0.010041
0.010064
0.010087
0.010110
0.010133
0.010156
0.010178
0.010201
0.010223
0.010245
0.010267
0.010289
0.010311
0.010332
0.010353
0.010375
0.010396
0.010417
0.010437
0.010458
0.010478
0.010499
0.010519
0.010539
0.010559
0.010578
0.010598
0.010617
0.010636
0.010656
0.010674
0.010693
0.010712
0.010730
0.010749
0.010767
0.010785
0.010803
0.010820
0.010838
0.010855
0.010872
0.010889
0.010906
0.010923
0.010940
0.010956
0.010972
0.010988
0.011004
0.011020
0.011036
0.011051
0.011067
0.011082
0.011097
0.011112
0.011127
0.011141
0.011155
0.011170
0.011184
0.011198
0.011211
0.011225
0.011239
0.011252
0.011265
0.011278
0.011291
0.011303
0.011316
0.011328
0.011341
0.011353
0.011364
0.011376
0.011388
0.011399
0.011410
0.011421
0.011432
0.011443
0.011454
0.011464
0.011475
0.011485
0.011495
0.011504
0.011514
0.011524
0.011533
0.011542
0.011551
0.011560
0.011569
0.011577
0.011586
0.011594
0.011602
0.011610
0.011618
0.011625
0.011633
0.011640
0.011647
0.011654
0.011661
0.011668
0.011674
0.011681
0.011687
0.011693
0.011699
0.011704
0.011710
0.011715
0.011721
0.011726
0.011731
0.011735
0.011740
0.011744
0.011749
0.011753
0.011757
0.011761
0.011764
0.011768
0.011771
0.011774
0.011777
0.011780
0.011783
0.011786
0.011788
0.011790
0.011792
0.011794
0.011796
0.011798
0.011799
0.011801
0.011802
0.011803
0.011804
0.011804
0.011805
0.011805
0.011805
0.011806
0.011806
0.011805
0.011805
0.011804
0.011804
0.011803
0.011802
0.011801
0.011799
0.011798
0.011796
0.011795
0.011793
0.011791
0.011788
0.011786
0.011783
0.011781
0.011778
0.011775
0.011772
0.011769
0.011765
0.011761
0.011758
0.011754
0.011750
0.011746
0.011741
0.011737
0.011732
0.011727
0.011722
0.011717
0.011712
0.011707
0.011701
0.011695
0.011690
0.011684
0.011678
0.011671
0.011665
0.011658
0.011652
0.011645
0.011638
0.011630
0.011623
0.011616
0.011608
0.011600
0.011592
0.011584
0.011576
0.011568
0.011559
0.011551
0.011542
0.011533
0.011524
0.011515
0.011506
0.011496
0.011487
0.011477
0.011467
0.011457
0.011447
0.011436
0.011426
0.011415
0.011405
0.011394
0.011383
0.011372
0.011360
0.011349
0.011337
0.011326
0.011314
0.011302
0.011290
0.011277
0.011265
0.011252
0.011240
0.011227
0.011214
0.011201
0.011188
0.011174
0.011161
0.011147
0.011133
0.011120
0.011106
0.011091
0.011077
0.011063
0.011048
0.011034
0.011019
0.011004
0.010989
0.010974
0.010958
0.010943
0.010927
0.010911
0.010896
0.010880
0.010864
0.010847
0.010831
0.010815
0.010798
0.010781
0.010764
0.010747
0.010730
0.010713
0.010696
0.010678
0.010661
0.010643
0.010625
0.010607
0.010589
0.010571
0.010553
0.010534
0.010516
0.010497
0.010478
0.010459
0.010440
0.010421
0.010402
0.010382
0.010363
0.010343
0.010324
0.010304
0.010284
0.010264
0.010244
0.010223
0.010203
0.010182
0.010162
0.010141
0.010120
0.010099
0.010078
0.010057
0.010036
0.010014
0.009993
0.009971
0.009949
0.009927
0.009905
0.009883
0.009861
0.009839
0.009817
0.009794
0.009772
0.009749
0.009726
0.009703
0.009680
0.009657
0.009634
0.009611
0.009587
0.009564
0.009540
0.009517
0.009493
0.009469
0.009445
0.009421
0.009397
0.009373
0.009348
0.009324
0.009299
0.009275
0.009250
0.009225
0.009200
0.009175
0.009150
0.009125
0.009100
0.009074
0.009049
0.009023
0.008998
0.008972
0.008946
0.008921
0.008895
0.008869
0.008842
0.008816
0.008790
0.008764
0.008737
0.008711
0.008684
0.008657
0.008631
0.008604
0.008577
0.008550
0.008523
0.008496
0.008468
0.008441
0.008414
0.008386
0.008359
0.008331
0.008303
0.008276
0.008248
0.008220
0.008192
0.008164
0.008136
0.008108
0.008080
0.008051
0.008023
0.007995
0.007966
0.007938
0.007909
0.007880
0.007852
0.007823
0.007794
0.007765
0.007736
0.007707
0.007678
0.007649
0.007620
0.007590
0.007561
0.007532
0.007502
0.007473
0.007443
0.007414
0.007384
0.007354
0.007325
0.007295
0.007265
0.007235
0.007205
0.007175
0.007145
0.007115
0.007085
0.007055
0.007025
0.006995
0.006964
0.006934
0.006904
0.006873
0.006843
0.006812
0.006782
0.006751
0.006721
0.006690
0.006660
0.006629
0.006598
0.006567
0.006537
0.006506
0.006475
0.006444
0.006413
0.006382
0.006351
0.006320
0.006289
0.006258
0.006227
0.006196
0.006165
0.006134
0.006103
0.006072
0.006041
0.006009
0.005978
0.005947
0.005916
0.005885
0.005853
0.005822
0.005791
0.005759
0.005728
0.005697
0.005665
0.005634
0.005603
0.005571
0.005540
0.005509
0.005477
0.005446
0.005414
0.005383
0.005352
0.005320
0.005289
0.005257
0.005226
0.005195
0.005163
0.005132
0.005101
0.005069
0.005038
0.005006
0.004975
0.004944
0.004912
0.004881
0.004850
0.004819
0.004787
0.004756
0.004725
0.004693
0.004662
0.004631
0.004600
0.004569
0.004538
0.004506
0.004475
0.004444
0.004413
0.004382
0.004351
0.004320
0.004289
0.004258
0.004227
0.004197
0.004166
0.004135
0.004104
0.004073
0.004043
0.004012
0.003982
0.003951
0.003920
0.003890
0.003859
0.003829
0.003799
0.003768
0.003738
0.003708
0.003677
0.003647
0.003617
0.003587
0.003557
0.003527
0.003497
0.003467
0.003438
0.003408
0.003378
0.003348
0.003319
0.003289
0.003260
0.003230
0.003201
0.003172
0.003143
0.003113
0.003084
0.003055
0.003026
0.002997
0.002969
0.002940
0.002911
0.002883
0.002854
0.002826
0.002797
0.002769
0.002741
0.002712
0.002684
0.002656
0.002628
0.002601
0.002573
0.002545
0.002518
0.002490
0.002463
0.002435
0.002408
0.002381
0.002354
0.002327
0.002300
0.002273
0.002247
0.002220
0.002194
0.002167
0.002141
0.002115
0.002089
0.002063
0.002037
0.002011
0.001985
0.001960
0.001934
0.001909
0.001884
0.001858
0.001833
0.001809
0.001784
0.001759
0.001735
0.001710
0.001686
0.001662
0.001637
0.001614
0.001590
0.001566
0.001542
0.001519
0.001496
0.001472
0.001449
0.001426
0.001404
0.001381
0.001358
0.001336
0.001314
0.001291
0.001269
0.001248
0.001226
0.001204
0.001183
0.001162
0.001140
0.001119
0.001099
0.001078
0.001057
0.001037
0.001017
0.000997
0.000977
0.000957
0.000937
0.000918
0.000898
0.000879
0.000860
0.000841
0.000823
0.000804
0.000786
0.000768
0.000750
0.000732
0.000714
0.000697
0.000680
0.000662
0.000645
0.000629
0.000612
0.000596
0.000579
0.000563
0.000547
0.000532
0.000516
0.000501
0.000486
0.000471
0.000456
0.000442
0.000427
0.000413
0.000399
0.000385
0.000372
0.000358
0.000345
0.000332
0.000319
0.000307
0.000294
0.000282
0.000270
0.000258
0.000247
0.000236
0.000225
0.000214
0.000203
0.000192
0.000182
0.000172
0.000162
0.000153
0.000143
0.000134
0.000125
0.000117
0.000108
0.000100
0.000092
0.000084
0.000077
0.000069
0.000062
0.000055
0.000049
0.000042
0.000036
0.000030
0.000025
0.000019
0.000014
0.000009
0.000005
0.000000
-0.000004
-0.000008
-0.000011
-0.000015
-0.000018
-0.000021
-0.000023
-0.000026
-0.000028
-0.000030
-0.000031
-0.000032
-0.000033
-0.000034
-0.000035
-0.000035
-0.000035
-0.000034
-0.000034
-0.000033
-0.000032
-0.000030
-0.000029
-0.000027
-0.000024
-0.000022
-0.000019
-0.000016
-0.000012
-0.000009
-0.000004
-0.000000
0.000007
0.000019
0.000036
0.000058
0.000086
0.000119
0.000156
0.000199
0.000246
0.000299
0.000357
0.000419
0.000487
0.000559
0.000636
0.000718
0.000805
0.000896
0.000993
0.001094
0.001199
0.001310
0.001425
0.001544
0.001669
0.001797
0.001931
0.002069
0.002211
0.002358
0.002509
0.002665
0.002825
0.002990
0.003158
0.003332
0.003509
0.003691
0.003877
0.004067
0.004261
0.004460
0.004663
0.004870
0.005081
0.005296
0.005515
0.005738
0.005965
0.006196
0.006431
0.006670
0.006913
0.007160
0.007411
0.007665
0.007924
0.008186
0.008452
0.008721
0.008994
0.009272
0.009552
0.009837
0.010125
0.010416
0.010711
0.011010
0.011312
0.011618
0.011927
0.012240
0.012556
0.012876
0.013199
0.013525
0.013855
0.014188
0.014524
0.014864
0.015206
0.015552
0.015902
0.016254
0.016610
0.016969
0.017330
0.017695
0.018063
0.018435
0.018809
0.019186
0.019566
0.019949
0.020335
0.020724
0.021116
0.021511
0.021908
0.022309
0.022712
0.023118
0.023527
0.023938
0.024352
0.024769
0.025189
0.025611
0.026036
0.026463
0.026893
0.027326
0.027761
0.028199
0.028639
0.029082
0.029527
0.029975
0.030425
0.030877
0.031332
0.031789
0.032249
0.032711
0.033175
0.033641
0.034110
0.034581
0.035054
0.035529
0.036006
0.036486
0.036968
0.037452
0.037938
0.038426
0.038916
0.039408
0.039902
0.040398
0.040896
0.041396
0.041897
0.042401
0.042907
0.043414
0.043924
0.044435
0.044948
0.045463
0.045979
0.046497
0.047017
0.047539
0.048063
0.048588
0.049114
0.049643
0.050172
0.050704
0.051237
0.051772
0.052308
0.052845
0.053385
0.053925
0.054467
0.055011
0.055556
0.056102
0.056650
0.057199
0.057749
0.058301
0.058854
0.059408
0.059964
0.060520
0.061078
0.061638
0.062198
0.062759
0.063322
0.063886
0.064451
0.065017
0.065584
0.066152
0.066721
0.067292
0.067863
0.068435
0.069008
0.069582
0.070158
0.070733
0.071310
0.071888
0.072467
0.073046
0.073626
0.074207
0.074789
0.075372
0.075955
0.076539
0.077124
0.077710
0.078296
0.078883
0.079470
0.080059
0.080647
0.081237
0.081827
0.082417
0.083008
0.083600
0.084192
0.084784
0.085378
0.085971
0.086565
0.087159
0.087754
0.088349
0.088945
0.089541
0.090137
0.090734
0.091331
0.091928
0.092525
0.093123
0.093721
0.094319
0.094918
0.095516
0.096115
0.096714
0.097313
0.097912
0.098511
0.099111
0.099710
0.100310
0.100910
0.101509
0.102109
0.102709
0.103308
0.103908
0.104508
0.105107
0.105707
0.106306
0.106905
0.107504
0.108103
0.108702
0.109301
0.109899
0.110498
0.111096
0.111694
0.112291
0.112889
0.113486
0.114083
0.114679
0.115275
0.115871
0.116467
0.117062
0.117656
0.118251
0.118845
0.119438
0.120032
0.120624
0.121216
0.121808
0.122399
0.122990
0.123580
0.124170
0.124759
0.125348
0.125936
0.126523
0.127110
0.127696
0.128282
0.128866
0.129451
0.130034
0.130617
0.131199
0.131781
0.132361
0.132941
0.133521
0.134099
0.134677
0.135253
0.135830
0.136405
0.136979
0.137553
0.138125
0.138697
0.139268
0.139838
0.140407
0.140975
0.141543
0.142109
0.142674
0.143238
0.143802
0.144364
0.144925
0.145486
0.146045
0.146603
0.147160
0.147716
0.148271
0.148825
0.149378
0.149929
0.150480
0.151029
0.151577
0.152124
0.152669
0.153214
0.153757
0.154299
0.154840
0.155380
0.155918
0.156455
0.156991
0.157525
0.158058
0.158590
0.159121
0.159650
0.160178
0.160704
0.161229
0.161753
0.162275
0.162796
0.163315
0.163833
0.164350
0.164865
0.165378
0.165890
0.166401
0.166910
0.167418
0.167924
0.168428
0.168931
0.169433
0.169932
0.170431
0.170927
0.171422
0.171916
0.172408
0.172898
0.173386
0.173873
0.174359
0.174842
0.175324
0.175804
0.176283
0.176760
0.177235
0.177708
0.178179
0.178649
0.179117
0.179584
0.180048
0.180511
0.180972
0.181431
0.181888
0.182343
0.182797
0.183249
0.183699
0.184147
0.184593
0.185037
0.185479
0.185920
0.186358
0.186795
0.187229
0.187662
0.188093
0.188521
0.188948
0.189373
0.189796
0.190217
0.190635
0.191052
0.191467
0.191880
0.192290
0.192699
0.193106
0.193510
0.193912
0.194313
0.194711
0.195107
0.195501
0.195893
0.196283
0.196671
0.197056
0.197439
0.197821
0.198200
0.198576
0.198951
0.199323
0.199694
0.200062
0.200428
0.200791
0.201153
0.201512
0.201869
0.202223
0.202576
0.202926
0.203274
0.203619
0.203962
0.204303
0.204642
0.204978
0.205312
0.205644
0.205973
0.206300
0.206625
0.206947
0.207267
0.207585
0.207900
0.208213
0.208523
0.208831
0.209137
0.209440
0.209741
0.210039
0.210335
0.210628
0.210919
0.211208
0.211494
0.211778
0.212059
0.212338
0.212614
0.212887
0.213159
0.213427
0.213694
0.213957
0.214219
0.214477
0.214734
0.214987
0.215238
0.215487
0.215733
0.215976
0.216217
0.216455
0.216691
0.216924
0.217155
0.217383
0.217608
0.217831
0.218051
0.218268
0.218483
0.218696
0.218905
0.219112
0.219317
0.219518
0.219717
0.219914
0.220108
0.220299
0.220487
0.220673
0.220856
0.221036
0.221214
0.221389
0.221561
0.221731
0.221898
0.222062
0.222224
0.222383
0.222539
0.222692
0.222843
0.222990
0.223136
0.223278
0.223418
0.223554
0.223689
0.223820
0.223949
0.224074
0.224197
0.224318
0.224435
0.224550
0.224662
0.224771
0.224877
0.224981
0.225082
0.225180
0.225275
0.225367
0.225457
0.225544
0.225627
0.225709
0.225787
0.225862
0.225935
0.226005
0.226072
0.226136
0.226197
0.226255
0.226311
0.226364
0.226413
0.226460
0.226504
0.226546
0.226584
0.226620
0.226652
0.226682
0.226709
0.226733
0.226754
0.226772
0.226788
0.226800
0.226810
0.226817
0.226821
0.226822
0.226820
0.226815
0.226807
0.226796
0.226783
0.226766
0.226747
0.226725
0.226699
0.226671
0.226640
0.226606
0.226570
0.226530
0.226487
0.226442
0.226393
0.226342
0.226287
0.226230
0.226170
0.226107
0.226041
0.225972
0.225900
0.225825
0.225747
0.225666
0.225583
0.225496
0.225407
0.225314
0.225219
0.225120
0.225019
0.224915
0.224808
0.224698
0.224585
0.224469
0.224350
0.224228
0.224103
0.223975
0.223845
0.223711
0.223575
0.223435
0.223293
0.223147
0.222999
0.222848
0.222694
0.222537
0.222377
0.222214
0.222048
0.221879
0.221707
0.221532
0.221355
0.221174
0.220991
0.220804
0.220615
0.220422
0.220227
0.220029
0.219828
0.219624
0.219417
0.219207
0.218994
0.218778
0.218560
0.218338
0.218113
0.217886
0.217656
0.217422
0.217186
0.216947
0.216705
0.216460
0.216212
0.215962
0.215708
0.215451
0.215192
0.214930
0.214664
0.214396
0.214125
0.213851
0.213574
0.213295
0.213012
0.212727
0.212438
0.212147
0.211853
0.211556
0.211256
0.210953
0.210647
0.210339
0.210028
0.209713
0.209396
0.209076
0.208754
0.208428
0.208100
0.207768
0.207434
0.207097
0.206757
0.206415
0.206069
0.205721
0.205369
0.205016
0.204659
0.204299
0.203937
0.203571
0.203203
0.202833
0.202459
0.202082
0.201703
0.201321
0.200936
0.200549
0.200159
0.199765
0.199370
0.198971
0.198569
0.198165
0.197758
0.197349
0.196936
0.196521
0.196103
0.195682
0.195259
0.194833
0.194404
0.193973
0.193538
0.193101
0.192662
0.192219
0.191774
0.191327
0.190876
0.190423
0.189967
0.189509
0.189048
0.188584
0.188118
0.187648
0.187177
0.186702
0.186225
0.185746
0.185263
0.184778
0.184291
0.183801
0.183308
0.182813
0.182315
0.181814
0.181311
0.180806
0.180297
0.179786
0.179273
0.178757
0.178239
0.177718
0.177194
0.176668
0.176139
0.175608
0.175074
0.174538
0.174000
0.173458
0.172915
0.172369
0.171820
0.171269
0.170715
0.170159
0.169601
0.169040
0.168476
0.167910
0.167342
0.166772
0.166198
0.165623
0.165045
0.164465
0.163882
0.163297
0.162710
0.162120
0.161528
0.160933
0.160336
0.159737
0.159135
0.158531
0.157925
0.157317
0.156706
0.156093
0.155477
0.154860
0.154240
0.153618
0.152993
0.152366
0.151737
0.151106
0.150473
0.149837
0.149199
0.148559
0.147917
0.147272
0.146626
0.145977
0.145326
0.144673
0.144018
0.143360
0.142701
0.142039
0.141375
0.140709
0.140041
0.139371
0.138699
0.138025
0.137348
0.136670
0.135989
0.135307
0.134622
0.133936
0.133247
0.132557
0.131864
0.131170
0.130473
0.129775
0.129074
0.128372
0.127667
0.126961
0.126253
0.125543
0.124831
0.124117
0.123401
0.122683
0.121964
0.121242
0.120519
0.119794
0.119067
0.118338
0.117608
0.116876
0.116141
0.115405
0.114668
0.113928
0.113187
0.112444
0.111700
0.110953
0.110205
0.109455
0.108704
0.107951
0.107196
0.106439
0.105681
0.104921
0.104160
0.103397
0.102632
0.101866
0.101098
0.100329
0.099558
0.098785
0.098011
0.097235
0.096458
0.095680
0.094899
0.094118
0.093335
0.092550
0.091764
0.090977
0.090188
0.089397
0.088606
0.087813
0.087018
0.086222
0.085425
0.084626
0.083826
0.083025
0.082222
0.081419
0.080613
0.079807
0.078999
0.078190
0.077380
0.076568
0.075756
0.074942
0.074127
0.073310
0.072493
0.071674
0.070854
0.070033
0.069211
0.068388
0.067564
0.066738
0.065912
0.065084
0.064256
0.063426
0.062596
0.061764
0.060931
0.060098
0.059263
0.058427
0.057591
0.056753
0.055915
0.055076
0.054235
0.053394
0.052552
0.051710
0.050866
0.050021
0.049176
0.048330
0.047483
0.046635
0.045787
0.044938
0.044088
0.043237
0.042386
0.041534
0.040681
0.039828
0.038973
0.038119
0.037263
0.036407
0.035551
0.034694
0.033836
0.032978
0.032119
0.031260
0.030400
0.029539
0.028678
0.027817
0.026955
0.026093
0.025230
0.024367
0.023504
0.022640
0.021776
0.020911
0.020046
0.019181
0.018315
0.017450
0.016583
0.015717
0.014850
0.013983
0.013116
0.012249
0.011382
0.010514
0.009646
0.008778
0.007910
0.007042
0.006173
0.005305
0.004436
0.003568
0.002699
0.001831
0.000962
0.000093
-0.000774
-0.001638
-0.002499
-0.003357
-0.004211
-0.005062
-0.005910
-0.006755
-0.007596
-0.008434
-0.009269
-0.010101
-0.010930
-0.011755
-0.012577
-0.013396
-0.014211
-0.015024
-0.015833
-0.016639
-0.017441
-0.018241
-0.019037
-0.019830
-0.020620
-0.021406
-0.022190
-0.022970
-0.023747
-0.024520
-0.025291
-0.026058
-0.026822
-0.027583
-0.028341
-0.029095
-0.029846
-0.030594
-0.031339
-0.032081
-0.032819
-0.033554
-0.034286
-0.035015
-0.035741
-0.036463
-0.037182
-0.037898
-0.038611
-0.039321
-0.040027
-0.040730
-0.041430
-0.042127
-0.042821
-0.043511
-0.044199
-0.044883
-0.045564
-0.046241
-0.046916
-0.047587
-0.048256
-0.048921
-0.049583
-0.050241
-0.050897
-0.051549
-0.052198
-0.052845
-0.053487
-0.054127
-0.054764
-0.055397
-0.056027
-0.056655
-0.057279
-0.057899
-0.058517
-0.059132
-0.059743
-0.060351
-0.060956
-0.061558
-0.062157
-0.062753
-0.063345
-0.063935
-0.064521
-0.065104
-0.065684
-0.066261
-0.066835
-0.067406
-0.067973
-0.068538
-0.069099
-0.069657
-0.070212
-0.070764
-0.071313
-0.071859
-0.072402
-0.072941
-0.073478
-0.074011
-0.074542
-0.075069
-0.075593
-0.076114
-0.076632
-0.077147
-0.077659
-0.078167
-0.078673
-0.079176
-0.079675
-0.080172
-0.080665
-0.081156
-0.081643
-0.082127
-0.082608
-0.083086
-0.083561
-0.084034
-0.084503
-0.084968
-0.085431
-0.085891
-0.086348
-0.086802
-0.087253
-0.087700
-0.088145
-0.088587
-0.089026
-0.089461
-0.089894
-0.090324
-0.090750
-0.091174
-0.091595
-0.092012
-0.092427
-0.092839
-0.093247
-0.093653
-0.094056
-0.094456
-0.094852
-0.095246
-0.095637
-0.096025
-0.096410
-0.096792
-0.097170
-0.097546
-0.097920
-0.098290
-0.098657
-0.099021
-0.099382
-0.099741
-0.100096
-0.100448
-0.100798
-0.101145
-0.101488
-0.101829
-0.102167
-0.102502
-0.102834
-0.103163
-0.103489
-0.103812
-0.104133
-0.104450
-0.104765
-0.105077
-0.105386
-0.105692
-0.105995
-0.106295
-0.106592
-0.106887
-0.107178
-0.107467
-0.107753
-0.108036
-0.108316
-0.108594
-0.108868
-0.109140
-0.109409
-0.109675
-0.109938
-0.110199
-0.110456
-0.110711
-0.110963
-0.111212
-0.111458
-0.111702
-0.111943
-0.112181
-0.112416
-0.112648
-0.112878
-0.113104
-0.113328
-0.113550
-0.113768
-0.113984
-0.114197
-0.114407
-0.114615
-0.114819
-0.115021
-0.115221
-0.115417
-0.115611
-0.115802
-0.115990
-0.116176
-0.116359
-0.116539
-0.116717
-0.116891
-0.117063
-0.117233
-0.117400
-0.117564
-0.117725
-0.117884
-0.118040
-0.118193
-0.118344
-0.118492
-0.118637
-0.118780
-0.118920
-0.119057
-0.119192
-0.119324
-0.119454
-0.119580
-0.119705
-0.119826
-0.119945
-0.120062
-0.120176
-0.120287
-0.120396
-0.120502
-0.120605
-0.120706
-0.120804
-0.120900
-0.120993
-0.121084
-0.121172
-0.121258
-0.121341
-0.121421
-0.121499
-0.121574
-0.121647
-0.121717
-0.121785
-0.121850
-0.121913
-0.121974
-0.122031
-0.122087
-0.122139
-0.122190
-0.122238
-0.122283
-0.122326
-0.122366
-0.122404
-0.122440
-0.122473
-0.122503
-0.122532
-0.122557
-0.122581
-0.122601
-0.122620
-0.122636
-0.122650
-0.122661
-0.122670
-0.122676
-0.122680
-0.122682
-0.122681
-0.122678
-0.122673
-0.122665
-0.122655
-0.122642
-0.122628
-0.122610
-0.122591
-0.122569
-0.122545
-0.122518
-0.122490
-0.122458
-0.122425
-0.122389
-0.122351
-0.122311
-0.122269
-0.122224
-0.122177
-0.122127
-0.122076
-0.122022
-0.121966
-0.121907
-0.121847
-0.121784
-0.121719
-0.121651
-0.121582
-0.121510
-0.121436
-0.121360
-0.121282
-0.121202
-0.121119
-0.121034
-0.120947
-0.120858
-0.120767
-0.120673
-0.120578
-0.120480
-0.120380
-0.120278
-0.120174
-0.120068
-0.119959
-0.119849
-0.119737
-0.119622
-0.119505
-0.119387
-0.119266
-0.119143
-0.119018
-0.118891
-0.118762
-0.118631
-0.118498
-0.118362
-0.118225
-0.118086
-0.117945
-0.117802
-0.117656
-0.117509
-0.117360
-0.117209
-0.117056
-0.116901
-0.116744
-0.116585
-0.116424
-0.116261
-0.116096
-0.115929
-0.115761
-0.115590
-0.115417
-0.115243
-0.115067
-0.114889
-0.114709
-0.114527
-0.114343
-0.114157
-0.113970
-0.113780
-0.113589
-0.113396
-0.113201
-0.113005
-0.112806
-0.112606
-0.112404
-0.112200
-0.111994
-0.111787
-0.111577
-0.111366
-0.111154
-0.110939
-0.110723
-0.110505
-0.110285
-0.110064
-0.109841
-0.109616
-0.109389
-0.109161
-0.108931
-0.108699
-0.108466
-0.108231
-0.107994
-0.107756
-0.107516
-0.107274
-0.107031
-0.106786
-0.106539
-0.106291
-0.106042
-0.105790
-0.105537
-0.105283
-0.105027
-0.104769
-0.104510
-0.104249
-0.103987
-0.103723
-0.103458
-0.103191
-0.102922
-0.102653
-0.102381
-0.102108
-0.101834
-0.101558
-0.101280
-0.101002
-0.100721
-0.100440
-0.100156
-0.099872
-0.099586
-0.099298
-0.099009
-0.098719
-0.098427
-0.098134
-0.097840
-0.097544
-0.097247
-0.096948
-0.096648
-0.096347
-0.096045
-0.095741
-0.095435
-0.095129
-0.094821
-0.094512
-0.094201
-0.093890
-0.093577
-0.093262
-0.092947
-0.092630
-0.092312
-0.091993
-0.091672
-0.091351
-0.091028
-0.090704
-0.090378
-0.090052
-0.089724
-0.089395
-0.089066
-0.088734
-0.088402
-0.088069
-0.087734
-0.087398
-0.087062
-0.086724
-0.086385
-0.086045
-0.085704
-0.085361
-0.085018
-0.084674
-0.084328
-0.083982
-0.083634
-0.083286
-0.082937
-0.082586
-0.082235
-0.081882
-0.081529
-0.081174
-0.080819
-0.080463
-0.080105
-0.079747
-0.079388
-0.079028
-0.078667
-0.078305
-0.077942
-0.077579
-0.077214
-0.076849
-0.076482
-0.076115
-0.075747
-0.075379
-0.075009
-0.074639
-0.074267
-0.073895
-0.073522
-0.073149
-0.072775
-0.072399
-0.072024
-0.071647
-0.071270
-0.070892
-0.070513
-0.070133
-0.069753
-0.069372
-0.068991
-0.068608
-0.068225
-0.067842
-0.067458
-0.067073
-0.066687
-0.066301
-0.065914
-0.065527
-0.065139
-0.064751
-0.064362
-0.063972
-0.063582
-0.063191
-0.062800
-0.062408
-0.062016
-0.061623
-0.061230
-0.060836
-0.060442
-0.060047
-0.059652
-0.059256
-0.058860
-0.058463
-0.058066
-0.057669
-0.057271
-0.056873
-0.056474
-0.056075
-0.055676
-0.055276
-0.054876
-0.054476
-0.054075
-0.053674
-0.053273
-0.052871
-0.052470
-0.052067
-0.051665
-0.051262
-0.050859
-0.050456
-0.050053
-0.049649
-0.049245
-0.048841
-0.048437
-0.048032
-0.047628
-0.047223
-0.046818
-0.046413
-0.046008
-0.045602
-0.045197
-0.044791
-0.044386
-0.043980
-0.043574
-0.043168
-0.042762
-0.042356
-0.041950
-0.041544
-0.041138
-0.040732
-0.040326
-0.039920
-0.039514
-0.039108
-0.038702
-0.038297
-0.037891
-0.037485
-0.037079
-0.036674
-0.036269
-0.035863
-0.035458
-0.035053
-0.034648
-0.034244
-0.033839
-0.033435
-0.033031
-0.032627
-0.032223
-0.031819
-0.031416
-0.031013
-0.030610
-0.030208
-0.029805
-0.029403
-0.029002
-0.028600
-0.028199
-0.027799
-0.027398
-0.026998
-0.026599
-0.026199
-0.025800
-0.025402
-0.025004
-0.024606
-0.024209
-0.023812
-0.023416
-0.023020
-0.022624
-0.022229
-0.021835
-0.021441
-0.021047
-0.020654
-0.020262
-0.019870
-0.019479
-0.019088
-0.018698
-0.018308
-0.017919
-0.017531
-0.017143
-0.016756
-0.016369
-0.015984
-0.015598
-0.015214
-0.014830
-0.014447
-0.014065
-0.013683
-0.013302
-0.012922
-0.012542
-0.012164
-0.011786
-0.011409
-0.011032
-0.010657
-0.010282
-0.009908
-0.009535
-0.009163
-0.008792
-0.008422
-0.008052
-0.007683
-0.007316
-0.006949
-0.006583
-0.006218
-0.005854
-0.005491
-0.005129
-0.004769
-0.004409
-0.004050
-0.003692
-0.003335
-0.002979
-0.002624
-0.002271
-0.001918
-0.001566
-0.001216
-0.000867
-0.000519
-0.000172
0.000174
0.000519
0.000862
0.001204
0.001546
0.001885
0.002224
0.002561
0.002898
0.003232
0.003566
0.003898
0.004229
0.004559
0.004887
0.005214
0.005540
0.005864
0.006187
0.006509
0.006829
0.007148
0.007465
0.007781
0.008095
0.008408
0.008720
0.009030
0.009339
0.009646
0.009951
0.010255
0.010557
0.010858
0.011158
0.011455
0.011752
0.012046
0.012339
0.012630
0.012920
0.013208
0.013494
0.013779
0.014062
0.014343
0.014623
0.014901
0.015177
0.015451
0.015723
0.015994
0.016263
0.016530
0.016796
0.017059
0.017321
0.017581
0.017839
0.018095
0.018349
0.018601
0.018852
0.019100
0.019346
0.019591
0.019833
0.020074
0.020313
0.020549
0.020784
0.021016
0.021247
0.021475
0.021701
0.021926
0.022148
0.022368
0.022586
0.022801
0.023015
0.023226
0.023436
0.023643
0.023848
0.024050
0.024251
0.024449
0.024645
0.024838
0.025030
0.025219
0.025406
0.025590
0.025772
0.025952
0.026129
0.026304
0.026477
0.026647
0.026815
0.026980
0.027143
0.027304
0.027462
0.027617
0.027770
0.027921
0.028069
0.028214
0.028357
0.028497
0.028635
0.028770
0.028903
0.029033
0.029160
0.029285
0.029407
0.029526
0.029643
0.029757
0.029868
0.029976
0.030082
0.030185
0.030285
0.030383
0.030477
0.030569
0.030658
0.030745
0.030828
0.030908
0.030986
0.031061
0.031132
0.031201
0.031267
0.031330
0.031390
0.031447
0.031501
0.031552
0.031600
0.031645
0.031687
0.031726
0.031762
0.031795
0.031824
0.031851
0.031874
0.031894
0.031911
0.031925
0.031936
0.031943
0.031948
0.031949
0.031947
0.031941
0.031932
0.031920
0.031905
0.031886
0.031864
0.031839
0.031810
0.031778
0.031743
0.031704
0.031662
0.031616
0.031567
0.031514
0.031458
0.031398
0.031335
0.031268
0.031198
0.031125
0.031047
0.030966
0.030882
0.030794
0.030702
0.030607
0.030508
0.030405
0.030299
0.030189
0.030075
0.029958
0.029836
0.029711
0.029583
0.029450
0.029314
0.029174
0.029030
0.028882
0.028730
0.028574
0.028415
0.028252
0.028084
0.027913
0.027738
0.027559
0.027376
0.027188
0.026997
0.026802
0.026603
0.026400
0.026192
0.025981
0.025765
0.025546
0.025322
0.025094
0.024862
0.024625
0.024385
0.024140
0.023891
0.023638
0.023381
0.023119
0.022853
0.022583
0.022308
0.022029
0.021746
0.021458
0.021166
0.020870
0.020569
0.020264
0.019954
0.019640
0.019321
0.018998
0.018671
0.018339
0.018002
0.017661
0.017315
0.016964
0.016609
0.016250
0.015886
0.015517
0.015143
0.014765
0.014382
0.013995
0.013602
0.013205
0.012803
0.012397
0.011985
0.011569
0.011148
0.010722
0.010291
0.009856
0.009415
0.008970
0.008520
0.008065
0.007604
0.007139
0.006669
0.006194
0.005714
0.005229
0.004738
0.004243
0.003743
0.003237
0.002727
0.002211
0.001690
0.001164
0.000633
0.000097
-0.000441
-0.000975
-0.001504
-0.002029
-0.002549
-0.003065
-0.003576
-0.004083
-0.004585
-0.005082
-0.005575
-0.006064
-0.006548
-0.007028
-0.007504
-0.007975
-0.008441
-0.008904
-0.009362
-0.009815
-0.010264
-0.010709
-0.011150
-0.011586
-0.012018
-0.012446
-0.012869
-0.013289
-0.013704
-0.014115
-0.014521
-0.014924
-0.015322
-0.015716
-0.016106
-0.016492
-0.016873
-0.017251
-0.017624
-0.017994
-0.018359
-0.018720
-0.019077
-0.019430
-0.019779
-0.020125
-0.020466
-0.020803
-0.021136
-0.021465
-0.021790
-0.022112
-0.022429
-0.022742
-0.023052
-0.023358
-0.023659
-0.023957
-0.024251
-0.024542
-0.024828
-0.025111
-0.025390
-0.025665
-0.025936
-0.026203
-0.026467
-0.026727
-0.026984
-0.027236
-0.027485
-0.027730
-0.027972
-0.028210
-0.028444
-0.028675
-0.028902
-0.029125
-0.029345
-0.029561
-0.029774
-0.029983
-0.030188
-0.030390
-0.030589
-0.030784
-0.030975
-0.031163
-0.031348
-0.031529
-0.031706
-0.031881
-0.032051
-0.032219
-0.032383
-0.032543
-0.032700
-0.032854
-0.033005
-0.033152
-0.033296
-0.033436
-0.033573
-0.033707
-0.033838
-0.033965
-0.034089
-0.034210
-0.034328
-0.034442
-0.034553
-0.034661
-0.034766
-0.034868
-0.034966
-0.035062
-0.035154
-0.035243
-0.035329
-0.035412
-0.035492
-0.035569
-0.035642
-0.035713
-0.035781
-0.035845
-0.035907
-0.035965
-0.036021
-0.036074
-0.036123
-0.036170
-0.036214
-0.036255
-0.036292
-0.036327
-0.036360
-0.036389
-0.036415
-0.036439
-0.036459
-0.036477
-0.036492
-0.036504
-0.036514
-0.036520
-0.036524
-0.036525
-0.036523
-0.036519
-0.036512
-0.036502
-0.036489
-0.036474
-0.036456
-0.036435
-0.036412
-0.036386
-0.036357
-0.036326
-0.036292
-0.036256
-0.036217
-0.036175
-0.036131
-0.036084
-0.036035
-0.035983
-0.035929
-0.035872
-0.035812
-0.035750
-0.035686
-0.035619
-0.035550
-0.035478
-0.035404
-0.035328
-0.035249
-0.035167
-0.035084
-0.034997
-0.034909
-0.034818
-0.034725
-0.034629
-0.034532
-0.034431
-0.034329
-0.034224
-0.034117
-0.034008
-0.033897
-0.033783
-0.033667
-0.033549
-0.033428
-0.033306
-0.033181
-0.033054
-0.032925
-0.032793
-0.032660
-0.032525
-0.032387
-0.032247
-0.032105
-0.031961
-0.031815
-0.031667
-0.031517
-0.031365
-0.031211
-0.031054
-0.030896
-0.030736
-0.030574
-0.030410
-0.030243
-0.030075
-0.029905
-0.029733
-0.029559
-0.029384
-0.029206
-0.029026
-0.028845
-0.028661
-0.028476
-0.028289
-0.028100
-0.027910
-0.027717
-0.027523
-0.027327
-0.027129
-0.026929
-0.026728
-0.026524
-0.026319
-0.026113
-0.025904
-0.025694
-0.025483
-0.025269
-0.025054
-0.024837
-0.024619
-0.024399
-0.024177
-0.023954
-0.023729
-0.023502
-0.023274
-0.023044
-0.022813
-0.022580
-0.022346
-0.022110
-0.021872
-0.021633
-0.021393
-0.021151
-0.020908
-0.020663
-0.020416
-0.020168
-0.019919
-0.019668
-0.019416
-0.019163
-0.018908
-0.018651
-0.018393
-0.018134
-0.017874
-0.017612
-0.017349
-0.017084
-0.016819
-0.016551
-0.016283
-0.016013
-0.015742
-0.015470
-0.015196
-0.014922
-0.014646
-0.014368
-0.014090
-0.013810
-0.013529
-0.013247
-0.012964
-0.012680
-0.012394
-0.012107
-0.011820
-0.011531
-0.011240
-0.010949
-0.010657
-0.010364
-0.010069
-0.009774
-0.009477
-0.009179
-0.008881
-0.008581
-0.008280
-0.007979
-0.007676
-0.007372
-0.007067
-0.006762
-0.006455
-0.006147
-0.005839
-0.005530
-0.005219
-0.004908
-0.004596
-0.004283
-0.003969
-0.003654
-0.003338
-0.003022
-0.002704
-0.002386
-0.002067
-0.001747
-0.001427
-0.001105
-0.000783
-0.000460
-0.000136
0.000188
0.000514
0.000840
0.001166
0.001494
0.001822
0.002151
0.002480
0.002810
0.003141
0.003473
0.003805
0.004138
0.004471
0.004805
0.005140
0.005475
0.005811
0.006148
0.006485
0.006822
0.007160
0.007499
0.007838
0.008178
0.008518
0.008859
0.009200
0.009542
0.009885
0.010227
0.010570
0.010914
0.011258
0.011603
0.011948
0.012293
0.012639
0.012985
0.013331
0.013678
0.014026
0.014373
0.014721
0.015070
0.015418
0.015767
0.016117
0.016466
0.016816
0.017167
0.017517
0.017868
0.018219
0.018570
0.018922
0.019273
0.019625
0.019978
0.020330
0.020683
0.021035
0.021388
0.021741
0.022095
0.022448
0.022802
0.023156
0.023509
0.023863
0.024217
0.024572
0.024926
0.025280
0.025635
0.025989
0.026344
0.026698
0.027053
0.027408
0.027762
0.028117
0.028472
0.028826
0.029181
0.029536
0.029890
0.030245
0.030599
0.030954
0.031308
0.031663
0.032017
0.032371
0.032725
0.033079
0.033433
0.033786
0.034140
0.034493
0.034847
0.035200
0.035553
0.035905
0.036258
0.036610
0.036963
0.037315
0.037666
0.038018
0.038369
0.038720
0.039071
0.039421
0.039772
0.040122
0.040471
0.040821
0.041170
0.041518
0.041867
0.042215
0.042563
0.042910
0.043257
0.043604
0.043950
0.044296
0.044642
0.044987
0.045332
0.045676
0.046020
0.046363
0.046707
0.047049
0.047391
0.047733
0.048074
0.048415
0.048755
0.049095
0.049434
0.049773
0.050112
0.050449
0.050786
0.051123
0.051459
0.051795
0.052130
0.052464
0.052798
0.053131
0.053464
0.053796
0.054127
0.054458
0.054788
0.055118
0.055447
0.055775
0.056103
0.056430
0.056756
0.057081
0.057406
0.057730
0.058054
0.058377
0.058699
0.059020
0.059341
0.059660
0.059979
0.060298
0.060615
0.060932
0.061248
0.061563
0.061877
0.062191
0.062504
0.062816
0.063127
0.063437
0.063746
0.064055
0.064363
0.064669
0.064975
0.065280
0.065585
0.065888
0.066190
0.066492
0.066792
0.067092
0.067390
0.067688
0.067985
0.068281
0.068576
0.068870
0.069162
0.069454
0.069745
0.070035
0.070324
0.070612
0.070899
0.071185
0.071469
0.071753
0.072036
0.072317
0.072598
0.072877
0.073156
0.073433
0.073709
0.073984
0.074258
0.074531
0.074803
0.075073
0.075343
0.075611
0.075878
0.076144
0.076409
0.076673
0.076935
0.077197
0.077457
0.077715
0.077973
0.078230
0.078485
0.078739
0.078991
0.079243
0.079493
0.079742
0.079990
0.080236
0.080481
0.080725
0.080968
0.081209
0.081449
0.081688
0.081925
0.082161
0.082396
0.082629
0.082861
0.083091
0.083321
0.083548
0.083775
0.084000
0.084224
0.084446
0.084667
0.084886
0.085104
0.085321
0.085536
0.085750
0.085962
0.086173
0.086383
0.086591
0.086797
0.087002
0.087205
0.087407
0.087608
0.087807
0.088004
0.088200
0.088395
0.088588
0.088779
0.088969
0.089157
0.089344
0.089529
0.089713
0.089895
0.090075
0.090254
0.090431
0.090607
0.090781
0.090953
0.091124
0.091293
0.091461
0.091627
0.091791
0.091953
0.092114
0.092274
0.092431
0.092587
0.092741
0.092894
0.093045
0.093194
0.093341
0.093487
0.093631
0.093773
0.093913
0.094052
0.094189
0.094325
0.094458
0.094590
0.094720
0.094848
0.094974
0.095099
0.095222
0.095343
0.095462
0.095579
0.095695
0.095808
0.095920
0.096030
0.096139
0.096245
0.096349
0.096452
0.096553
0.096652
0.096749
0.096844
0.096937
0.097028
0.097118
0.097205
0.097291
0.097375
0.097456
0.097536
0.097614
0.097690
0.097764
0.097836
0.097906
0.097974
0.098040
0.098104
0.098166
0.098227
0.098285
0.098341
0.098395
0.098447
0.098497
0.098545
0.098591
0.098635
0.098677
0.098717
0.098755
0.098791
0.098825
0.098856
0.098886
0.098913
0.098939
0.098962
0.098983
0.099002
0.099019
0.099034
0.099047
0.099058
0.099066
0.099073
0.099077
0.099079
0.099079
0.099077
0.099072
0.099066
0.099057
0.099046
0.099033
0.099018
0.099000
0.098980
0.098958
0.098934
0.098908
0.098879
0.098849
0.098816
0.098780
0.098743
0.098703
0.098661
0.098617
0.098570
0.098521
0.098470
0.098417
0.098361
0.098303
0.098243
0.098180
0.098116
0.098048
0.097979
0.097907
0.097833
0.097757
0.097678
0.097597
0.097513
0.097427
0.097339
0.097249
0.097156
0.097060
0.096963
0.096863
0.096760
0.096655
0.096548
0.096439
0.096327
0.096212
0.096095
0.095976
0.095854
0.095730
0.095603
0.095474
0.095343
0.095209
0.095073
0.094934
0.094793
0.094649
0.094503
0.094354
0.094203
0.094049
0.093893
0.093734
0.093573
0.093409
0.093243
0.093074
0.092903
0.092730
0.092553
0.092374
0.092193
0.092009
0.091823
0.091634
0.091442
0.091248
0.091051
0.090852
0.090650
0.090446
0.090239
0.090029
0.089817
0.089602
0.089385
0.089165
0.088942
0.088717
0.088489
0.088259
0.088026
0.087790
0.087552
0.087311
0.087067
0.086821
0.086572
0.086320
0.086066
0.085809
0.085550
0.085287
0.085022
0.084755
0.084484
0.084211
0.083936
0.083657
0.083376
0.083092
0.082806
0.082516
0.082224
0.081930
0.081632
0.081332
0.081029
0.080723
0.080415
0.080104
0.079790
0.079473
0.079154
0.078832
0.078507
0.078179
0.077849
0.077515
0.077179
0.076840
0.076499
0.076154
0.075807
0.075457
0.075104
0.074748
0.074390
0.074028
0.073664
0.073297
0.072927
0.072555
0.072179
0.071801
0.071420
0.071036
0.070649
0.070259
0.069866
0.069471
0.069072
0.068671
0.068267
0.067860
0.067450
0.067037
0.066622
0.066203
0.065782
0.065357
0.064930
0.064500
0.064067
0.063631
0.063192
0.062750
0.062305
0.061857
0.061407
0.060953
0.060496
0.060037
0.059575
0.059109
0.058641
0.058169
0.057695
0.057218
0.056738
0.056255
0.055768
0.055279
0.054787
0.054292
0.053794
0.053293
0.052789
0.052282
0.051771
0.051258
0.050742
0.050223
0.049701
0.049176
0.048647
0.048116
0.047582
0.047045
0.046504
0.045961
0.045415
0.044865
0.044313
0.043757
0.043198
0.042637
0.042072
0.041504
0.040933
0.040359
0.039782
0.039202
0.038619
0.038033
0.037444
0.036851
0.036256
0.035657
0.035055
0.034451
0.033843
0.033232
0.032617
0.032000
0.031380
0.030756
0.030130
0.029500
0.028867
0.028231
0.027592
0.026950
0.026304
0.025656
0.025004
0.024349
0.023691
0.023030
0.022366
0.021698
0.021028
0.020354
0.019677
0.018997
0.018314
0.017627
0.016938
0.016245
0.015549
0.014850
0.014147
0.013442
0.012733
0.012021
0.011306
0.010588
0.009866
0.009141
0.008413
0.007682
0.006948
0.006210
0.005469
0.004725
0.003978
0.003227
0.002474
0.001717
0.000957
0.000193
-0.000574
-0.001347
-0.002126
-0.002911
-0.003702
-0.004498
-0.005299
-0.006107
-0.006920
-0.007738
-0.008562
-0.009391
-0.010226
-0.011066
-0.011911
-0.012761
-0.013617
-0.014478
-0.015344
-0.016215
-0.017091
-0.017972
-0.018858
-0.019749
-0.020645
-0.021546
-0.022451
-0.023362
-0.024277
-0.025196
-0.026120
-0.027049
-0.027983
-0.028921
-0.029863
-0.030810
-0.031761
-0.032716
-0.033676
-0.034640
-0.035609
-0.036581
-0.037558
-0.038539
-0.039523
-0.040512
-0.041505
-0.042502
-0.043503
-0.044507
-0.045516
-0.046528
-0.047544
-0.048564
-0.049587
-0.050614
-0.051644
-0.052679
-0.053716
-0.054758
-0.055802
-0.056850
-0.057902
-0.058956
-0.060014
-0.061076
-0.062140
-0.063208
-0.064279
-0.065353
-0.066430
-0.067510
-0.068593
-0.069679
-0.070768
-0.071859
-0.072954
-0.074051
-0.075152
-0.076255
-0.077360
-0.078469
-0.079580
-0.080693
-0.081809
-0.082928
-0.084049
-0.085172
-0.086298
-0.087427
-0.088557
-0.089690
-0.090826
-0.091963
-0.093103
-0.094245
-0.095389
-0.096535
-0.097683
-0.098833
-0.099985
-0.101139
-0.102295
-0.103453
-0.104613
-0.105774
-0.106938
-0.108103
-0.109270
-0.110438
-0.111608
-0.112780
-0.113953
-0.115128
-0.116304
-0.117482
-0.118662
-0.119842
-0.121024
-0.122208
-0.123392
-0.124578
-0.125765
-0.126954
-0.128144
-0.129334
-0.130526
-0.131719
-0.132913
-0.134108
-0.135304
-0.136501
-0.137699
-0.138897
-0.140097
-0.141297
-0.142499
-0.143701
-0.144903
-0.146107
-0.147311
-0.148515
-0.149721
-0.150926
-0.152133
-0.153340
-0.154547
-0.155755
-0.156963
-0.158171
-0.159380
-0.160590
-0.161799
-0.163009
-0.164219
-0.165429
-0.166640
-0.167850
-0.169061
-0.170272
-0.171482
-0.172693
-0.173904
-0.175115
-0.176325
-0.177536
-0.178746
-0.179957
-0.181167
-0.182377
-0.183586
-0.184796
-0.186005
-0.187214
-0.188422
-0.189630
-0.190838
-0.192045
-0.193252
-0.194458
-0.195663
-0.196868
-0.198073
-0.199277
-0.200480
-0.201683
-0.202885
-0.204086
-0.205286
-0.206486
-0.207685
-0.208883
-0.210080
-0.211276
-0.212471
-0.213666
-0.214859
-0.216052
-0.217243
-0.218433
-0.219623
-0.220811
-0.221998
-0.223184
-0.224368
-0.225552
-0.226734
-0.227915
-0.229095
-0.230273
-0.231451
-0.232626
-0.233801
-0.234974
-0.236145
-0.237315
-0.238484
-0.239651
-0.240816
-0.241980
-0.243143
-0.244303
-0.245462
-0.246620
-0.247776
-0.248930
-0.250082
-0.251233
-0.252381
-0.253528
-0.254674
-0.255817
-0.256958
-0.258098
-0.259235
-0.260371
-0.261505
-0.262636
-0.263766
-0.264894
-0.266019
-0.267143
-0.268264
-0.269383
-0.270500
-0.271615
-0.272728
-0.273838
-0.274947
-0.276053
-0.277156
-0.278258
-0.279357
-0.280453
-0.281547
-0.282639
-0.283729
-0.284816
-0.285900
-0.286982
-0.288062
-0.289139
-0.290213
-0.291285
-0.292355
-0.293421
-0.294485
-0.295547
-0.296605
-0.297661
-0.298715
-0.299765
-0.300813
-0.301858
-0.302900
-0.303939
-0.304976
-0.306010
-0.307040
-0.308068
-0.309093
-0.310115
-0.311134
-0.312150
-0.313164
-0.314174
-0.315181
-0.316185
-0.317185
-0.318183
-0.319178
-0.320170
-0.321158
-0.322143
-0.323125
-0.324104
-0.325080
-0.326052
-0.327021
-0.327987
-0.328949
-0.329909
-0.330865
-0.331817
-0.332766
-0.333712
-0.334654
-0.335593
-0.336529
-0.337461
-0.338389
-0.339314
-0.340236
-0.341154
-0.342068
-0.342979
-0.343887
-0.344790
-0.345691
-0.346587
-0.347480
-0.348369
-0.349255
-0.350137
-0.351015
-0.351889
-0.352760
-0.353627
-0.354490
-0.355349
-0.356205
-0.357056
-0.357904
-0.358748
-0.359589
-0.360425
-0.361257
-0.362086
-0.362910
-0.363731
-0.364548
-0.365360
-0.366169
-0.366974
-0.367775
-0.368571
-0.369364
-0.370153
-0.370937
-0.371717
-0.372494
-0.373266
-0.374034
-0.374798
-0.375558
-0.376314
-0.377065
-0.377812
-0.378555
-0.379294
-0.380029
-0.380759
-0.381485
-0.382207
-0.382925
-0.383638
-0.384347
-0.385052
-0.385752
-0.386448
-0.387140
-0.387827
-0.388510
-0.389188
-0.389862
-0.390532
-0.391197
-0.391858
-0.392514
-0.393166
-0.393814
-0.394456
-0.395095
-0.395729
-0.396358
-0.396983
-0.397603
-0.398219
-0.398830
-0.399437
-0.400039
-0.400636
-0.401229
-0.401817
-0.402401
-0.402980
-0.403554
-0.404124
-0.404689
-0.405249
-0.405804
-0.406355
-0.406902
-0.407443
-0.407980
-0.408512
-0.409039
-0.409562
-0.410079
-0.410592
-0.411101
-0.411604
-0.412103
-0.412597
-0.413086
-0.413570
-0.414049
-0.414524
-0.414993
-0.415458
-0.415918
-0.416373
-0.416824
-0.417269
-0.417709
-0.418145
-0.418576
-0.419001
-0.419422
-0.419838
-0.420249
-0.420655
-0.421056
-0.421452
-0.421843
-0.422229
-0.422610
-0.422986
-0.423358
-0.423724
-0.424085
-0.424441
-0.424792
-0.425138
-0.425479
-0.425815
-0.426146
-0.426472
-0.426793
-0.427109
-0.427420
-0.427726
-0.428026
-0.428322
-0.428612
-0.428898
-0.429178
-0.429453
-0.429723
-0.429988
-0.430248
-0.430502
-0.430752
-0.430996
-0.431236
-0.431470
-0.431699
-0.431923
-0.432142
-0.432355
-0.432564
-0.432767
-0.432965
-0.433158
-0.433346
-0.433528
-0.433706
-0.433878
-0.434045
-0.434207
-0.434363
-0.434515
-0.434661
-0.434802
-0.434938
-0.435069
-0.435194
-0.435314
-0.435429
-0.435539
-0.435644
-0.435743
-0.435837
-0.435926
-0.436010
-0.436088
-0.436161
-0.436229
-0.436292
-0.436350
-0.436402
-0.436449
-0.436491
-0.436527
-0.436559
-0.436585
-0.436606
-0.436621
-0.436632
-0.436637
-0.436637
-0.436631
-0.436621
-0.436605
-0.436584
-0.436558
-0.436526
-0.436489
-0.436447
-0.436400
-0.436347
-0.436289
-0.436226
-0.436158
-0.436084
-0.436006
-0.435922
-0.435832
-0.435738
-0.435638
-0.435533
-0.435423
-0.435308
-0.435187
-0.435061
-0.434930
-0.434793
-0.434652
-0.434505
-0.434353
-0.434196
-0.434033
-0.433866
-0.433693
-0.433515
-0.433331
-0.433143
-0.432949
-0.432750
-0.432546
-0.432337
-0.432122
-0.431902
-0.431677
-0.431447
-0.431212
-0.430972
-0.430726
-0.430475
-0.430219
-0.429958
-0.429692
-0.429420
-0.429144
-0.428862
-0.428575
-0.428283
-0.427986
-0.427684
-0.427376
-0.427064
-0.426746
-0.426423
-0.426096
-0.425763
-0.425425
-0.425081
-0.424733
-0.424380
-0.424021
-0.423658
-0.423289
-0.422916
-0.422537
-0.422153
-0.421765
-0.421371
-0.420972
-0.420568
-0.420159
-0.419746
-0.419327
-0.418903
-0.418474
-0.418040
-0.417601
-0.417157
-0.416709
-0.416255
-0.415796
-0.415332
-0.414864
-0.414390
-0.413912
-0.413428
-0.412940
-0.412447
-0.411949
-0.411446
-0.410938
-0.410425
-0.409908
-0.409385
-0.408858
-0.408326
-0.407789
-0.407247
-0.406701
-0.406149
-0.405593
-0.405032
-0.404466
-0.403896
-0.403320
-0.402740
-0.402156
-0.401566
-0.400972
-0.400373
-0.399769
-0.399161
-0.398548
-0.397930
-0.397308
-0.396680
-0.396049
-0.395412
-0.394771
-0.394126
-0.393476
-0.392821
-0.392161
-0.391497
-0.390829
-0.390156
-0.389478
-0.388796
-0.388109
-0.387418
-0.386722
-0.386022
-0.385317
-0.384608
-0.383895
-0.383177
-0.382454
-0.381727
-0.380996
-0.380260
-0.379520
-0.378776
-0.378027
-0.377274
-0.376516
-0.375755
-0.374988
-0.374218
-0.373443
-0.372664
-0.371881
-0.371094
-0.370302
-0.369506
-0.368706
-0.367902
-0.367093
-0.366280
-0.365463
-0.364642
-0.363817
-0.362988
-0.362155
-0.361317
-0.360476
-0.359630
-0.358781
-0.357927
-0.357070
-0.356208
-0.355342
-0.354473
-0.353599
-0.352722
-0.351840
-0.350955
-0.350066
-0.349173
-0.348276
-0.347375
-0.346470
-0.345562
-0.344649
-0.343733
-0.342813
-0.341890
-0.340963
-0.340031
-0.339097
-0.338158
-0.337216
-0.336270
-0.335321
-0.334368
-0.333411
-0.332451
-0.331487
-0.330519
-0.329548
-0.328574
-0.327596
-0.326614
-0.325629
-0.324641
-0.323649
-0.322653
-0.321655
-0.320652
-0.319647
-0.318638
-0.317626
-0.316610
-0.315591
-0.314569
-0.313544
-0.312515
-0.311483
-0.310448
-0.309410
-0.308369
-0.307324
-0.306276
-0.305225
-0.304171
-0.303114
-0.302054
-0.300991
-0.299925
-0.298856
-0.297784
-0.296709
-0.295631
-0.294550
-0.293466
-0.292379
-0.291289
-0.290197
-0.289102
-0.288003
-0.286903
-0.285799
-0.284692
-0.283583
-0.282472
-0.281357
-0.280240
-0.279120
-0.277998
-0.276873
-0.275745
-0.274615
-0.273482
-0.272347
-0.271209
-0.270069
-0.268926
-0.267781
-0.266634
-0.265484
-0.264332
-0.263177
-0.262021
-0.260861
-0.259700
-0.258536
-0.257370
-0.256202
-0.255032
-0.253860
-0.252685
-0.251508
-0.250329
-0.249149
-0.247966
-0.246781
-0.245594
-0.244405
-0.243214
-0.242021
-0.240827
-0.239630
-0.238432
-0.237231
-0.236029
-0.234825
-0.233620
-0.232412
-0.231203
-0.229993
-0.228780
-0.227566
-0.226350
-0.225133
-0.223914
-0.222694
-0.221472
-0.220249
-0.219024
-0.217797
-0.216570
-0.215341
-0.214110
-0.212878
-0.211645
-0.210411
-0.209175
-0.207938
-0.206700
-0.205461
-0.204220
-0.202979
-0.201736
-0.200492
-0.199248
-0.198002
-0.196755
-0.195507
-0.194258
-0.193009
-0.191758
-0.190507
-0.189254
-0.188001
-0.186747
-0.185493
-0.184237
-0.182981
-0.181725
-0.180467
-0.179209
-0.177951
-0.176691
-0.175432
-0.174172
-0.172911
-0.171650
-0.170388
-0.169126
-0.167864
-0.166601
-0.165338
-0.164075
-0.162812
-0.161548
-0.160284
-0.159020
-0.157756
-0.156492
-0.155227
-0.153963
-0.152699
-0.151434
-0.150170
-0.148906
-0.147641
-0.146377
-0.145113
-0.143850
-0.142586
-0.141323
-0.140060
-0.138798
-0.137535
-0.136274
-0.135012
-0.133751
-0.132490
-0.131230
-0.129971
-0.128712
-0.127454
-0.126196
-0.124939
-0.123682
-0.122427
-0.121172
-0.119918
-0.118664
-0.117412
-0.116160
-0.114910
-0.113660
-0.112411
-0.111163
-0.109917
-0.108671
-0.107426
-0.106183
-0.104941
-0.103700
-0.102460
-0.101221
-0.099984
-0.098748
-0.097514
-0.096281
-0.095049
-0.093819
-0.092590
-0.091363
-0.090137
-0.088913
-0.087691
-0.086470
-0.085251
-0.084034
-0.082818
-0.081605
-0.080393
-0.079183
-0.077975
-0.076769
-0.075565
-0.074363
-0.073163
-0.071965
-0.070769
-0.069575
-0.068384
-0.067195
-0.066008
-0.064823
-0.063641
-0.062461
-0.061283
-0.060108
-0.058935
-0.057765
-0.056597
-0.055432
-0.054270
-0.053110
-0.051953
-0.050799
-0.049647
-0.048499
-0.047353
-0.046210
-0.045070
-0.043932
-0.042798
-0.041667
-0.040539
-0.039414
-0.038292
-0.037174
-0.036058
-0.034946
-0.033837
-0.032731
-0.031629
-0.030530
-0.029435
-0.028343
-0.027255
-0.026170
-0.025089
-0.024011
-0.022937
-0.021867
-0.020800
-0.019738
-0.018679
-0.017624
-0.016573
-0.015526
-0.014482
-0.013443
-0.012408
-0.011377
-0.010350
-0.009328
-0.008309
-0.007295
-0.006285
-0.005280
-0.004278
-0.003282
-0.002289
-0.001302
-0.000318
0.000663
0.001648
0.002639
0.003634
0.004635
0.005640
0.006651
0.007666
0.008686
0.009711
0.010741
0.011775
0.012814
0.013858
0.014906
0.015959
0.017016
0.018078
0.019144
0.020214
0.021289
0.022368
0.023451
0.024539
0.025630
0.026726
0.027826
0.028929
0.030037
0.031149
0.032264
0.033384
0.034507
0.035634
0.036765
0.037900
0.039038
0.040180
0.041325
0.042474
0.043626
0.044782
0.045942
0.047104
0.048270
0.049440
0.050612
0.051788
0.052967
0.054149
0.055335
0.056523
0.057714
0.058909
0.060106
0.061306
0.062509
0.063715
0.064924
0.066135
0.067350
0.068566
0.069786
0.071008
0.072233
0.073460
0.074690
0.075922
0.077156
0.078393
0.079633
0.080874
0.082118
0.083364
0.084613
0.085863
0.087116
0.088371
0.089627
0.090886
0.092147
0.093410
0.094674
0.095941
0.097209
0.098479
0.099751
0.101024
0.102299
0.103576
0.104855
0.106135
0.107417
0.108700
0.109984
0.111270
0.112558
0.113847
0.115137
0.116428
0.117721
0.119015
0.120310
0.121607
0.122904
0.124203
0.125502
0.126803
0.128105
0.129407
0.130711
0.132015
0.133320
0.134626
0.135933
0.137241
0.138549
0.139858
0.141168
0.142478
0.143789
0.145101
0.146413
0.147725
0.149038
0.150352
0.151666
0.152980
0.154294
0.155609
0.156924
0.158239
0.159555
0.160870
0.162186
0.163502
0.164818
0.166134
0.167450
0.168766
0.170082
0.171398
0.172714
0.174030
0.175345
0.176661
0.177976
0.179290
0.180605
0.181919
0.183233
0.184546
0.185859
0.187172
0.188484
0.189796
0.191107
0.192417
0.193727
0.195037
0.196345
0.197653
0.198961
0.200267
0.201573
0.202878
0.204182
0.205485
0.206788
0.208089
0.209390
0.210689
0.211988
0.213285
0.214582
0.215877
0.217172
0.218465
0.219757
0.221048
0.222337
0.223626
0.224913
0.226199
0.227483
0.228766
0.230048
0.231328
0.232607
0.233885
0.235161
0.236435
0.237708
0.238979
0.240249
0.241517
0.242783
0.244048
0.245311
0.246572
0.247832
0.249090
0.250346
0.251600
0.252852
0.254103
0.255351
0.256598
0.257843
0.259085
0.260326
0.261564
0.262801
0.264036
0.265268
0.266498
0.267726
0.268952
0.270176
0.271397
0.272617
0.273834
0.275048
0.276261
0.277471
0.278678
0.279883
0.281086
0.282287
0.283485
0.284680
0.285873
0.287063
0.288251
0.289436
0.290619
0.291799
0.292977
0.294151
0.295323
0.296493
0.297659
0.298823
0.299984
0.301142
0.302298
0.303450
0.304600
0.305747
0.306891
0.308032
0.309170
0.310305
0.311437
0.312566
0.313692
0.314815
0.315935
0.317052
0.318165
0.319276
0.320383
0.321487
0.322588
0.323686
0.324781
0.325872
0.326960
0.328044
0.329126
0.330204
0.331279
0.332350
0.333418
0.334482
0.335543
0.336601
0.337655
0.338705
0.339752
0.340796
0.341836
0.342872
0.343905
0.344934
0.345960
0.346982
0.348000
0.349015
0.350026
0.351033
0.352037
0.353036
0.354032
0.355024
0.356013
0.356997
0.357978
0.358955
0.359928
0.360897
0.361862
0.362823
0.363781
0.364734
0.365684
0.366629
0.367570
0.368508
0.369441
0.370370
0.371296
0.372217
0.373134
0.374047
0.374955
0.375860
0.376761
0.377657
0.378549
0.379437
0.380321
0.381200
0.382075
0.382946
0.383813
0.384675
0.385533
0.386387
0.387236
0.388081
0.388922
0.389758
0.390590
0.391417
0.392240
0.393058
0.393872
0.394682
0.395487
0.396288
0.397084
0.397875
0.398663
0.399445
0.400223
0.400996
0.401765
0.402529
0.403289
0.404044
0.404794
0.405540
0.406281
0.407017
0.407749
0.408476
0.409198
0.409915
0.410628
0.411336
0.412039
0.412738
0.413431
0.414120
0.414804
0.415484
0.416158
0.416828
0.417492
0.418152
0.418807
0.419458
0.420103
0.420743
0.421379
0.422009
0.422635
0.423255
0.423871
0.424482
0.425088
0.425688
0.426284
0.426875
0.427461
0.428041
0.428617
0.429188
0.429754
0.430314
0.430870
0.431420
0.431965
0.432506
0.433041
0.433571
0.434096
0.434616
0.435130
0.435640
0.436144
0.436643
0.437137
0.437626
0.438110
0.438589
0.439062
0.439530
0.439993
0.440451
0.440903
0.441350
0.441792
0.442229
0.442660
0.443087
0.443507
0.443923
0.444333
0.444739
0.445138
0.445533
0.445922
0.446306
0.446684
0.447058
0.447426
0.447788
0.448145
0.448497
0.448844
0.449185
0.449521
0.449851
0.450176
0.450496
0.450810
0.451119
0.451423
0.451721
0.452013
0.452301
0.452583
0.452859
0.453130
0.453396
0.453656
0.453911
0.454160
0.454404
0.454643
0.454876
0.455103
0.455325
0.455542
0.455753
0.455959
0.456159
0.456354
0.456543
0.456727
0.456905
0.457078
0.457246
0.457408
0.457564
0.457715
0.457860
0.458000
0.458135
0.458264
0.458387
0.458505
0.458618
0.458725
0.458826
0.458922
0.459013
0.459097
0.459177
0.459251
0.459319
0.459382
0.459439
0.459491
0.459538
0.459578
0.459614
0.459643
0.459668
0.459686
0.459700
0.459707
0.459710
0.459706
0.459697
0.459683
0.459663
0.459638
0.459607
0.459570
0.459529
0.459481
0.459428
0.459370
0.459306
0.459236
0.459161
0.459081
0.458995
0.458903
0.458806
0.458704
0.458596
0.458482
0.458363
0.458239
0.458109
0.457973
0.457832
0.457686
0.457534
0.457377
0.457214
0.457046
0.456872
0.456692
0.456508
0.456318
0.456122
0.455921
0.455714
0.455502
0.455285
0.455062
0.454834
0.454600
0.454361
0.454117
0.453867
0.453611
0.453350
0.453084
0.452813
0.452536
0.452253
0.451966
0.451672
0.451374
0.451070
0.450761
0.450446
0.450126
0.449801
0.449470
0.449134
0.448793
0.448446
0.448094
0.447737
0.447374
0.447007
0.446633
0.446255
0.445871
0.445482
0.445088
0.444688
0.444283
0.443873
0.443458
0.443037
0.442612
0.442181
0.441744
0.441303
0.440856
0.440404
0.439947
0.439485
0.439018
0.438545
0.438068
0.437585
0.437097
0.436604
0.436105
0.435602
0.435094
0.434580
0.434062
0.433538
0.433009
0.432475
0.431936
0.431393
0.430844
0.430290
0.429731
0.429167
0.428598
0.428024
0.427445
0.426861
0.426272
0.425678
0.425079
0.424476
0.423867
0.423254
0.422635
0.422012
0.421384
0.420751
0.420113
0.419470
0.418823
0.418170
0.417513
0.416851
0.416184
0.415513
0.414837
0.414156
0.413470
0.412779
0.412084
0.411384
0.410680
0.409970
0.409256
0.408538
0.407815
0.407087
0.406354
0.405617
0.404875
0.404129
0.403378
0.402623
0.401863
0.401098
0.400329
0.399556
0.398778
0.397996
0.397209
0.396417
0.395622
0.394821
0.394017
0.393208
0.392394
0.391577
0.390755
0.389928
0.389097
0.388262
0.387423
0.386579
0.385732
0.384879
0.384023
0.383163
0.382298
0.381429
0.380556
0.379678
0.378797
0.377912
0.377022
0.376128
0.375230
0.374328
0.373423
0.372513
0.371599
0.370681
0.369759
0.368833
0.367903
0.366969
0.366032
0.365090
0.364145
0.363196
0.362242
0.361285
0.360325
0.359360
0.358392
0.357420
0.356444
0.355464
0.354481
0.353494
0.352504
0.351509
0.350511
0.349510
0.348505
0.347496
0.346484
0.345468
0.344449
0.343426
0.342400
0.341370
0.340337
0.339300
0.338260
0.337217
0.336170
0.335120
0.334067
0.333010
0.331950
0.330887
0.329820
0.328751
0.327678
0.326601
0.325522
0.324440
0.323354
0.322265
0.321174
0.320079
0.318981
0.317880
0.316776
0.315669
0.314559
0.313446
0.312331
0.311212
0.310091
0.308966
0.307839
0.306709
0.305576
0.304441
0.303303
0.302162
0.301018
0.299872
0.298723
0.297571
0.296417
0.295260
0.294100
0.292939
0.291774
0.290607
0.289438
0.288266
0.287092
0.285915
0.284736
0.283554
0.282371
0.281185
0.279996
0.278806
0.277613
0.276418
0.275221
0.274021
0.272820
0.271616
0.270410
0.269203
0.267993
0.266781
0.265567
0.264351
0.263134
0.261914
0.260692
0.259469
0.258244
0.257017
0.255788
0.254557
0.253325
0.252091
0.250855
0.249618
0.248379
0.247138
0.245896
0.244652
0.243407
0.242160
0.240912
0.239662
0.238411
0.237159
0.235905
0.234650
0.233393
0.232136
0.230877
0.229616
0.228355
0.227092
0.225828
0.224563
0.223297
0.222030
0.220762
0.219493
0.218223
0.216952
0.215680
0.214407
0.213134
0.211859
0.210584
0.209308
0.208031
0.206753
0.205475
0.204196
0.202916
0.201636
0.200356
0.199074
0.197792
0.196510
0.195228
0.193944
0.192661
0.191377
0.190093
0.188808
0.187523
0.186238
0.184953
0.183668
0.182382
0.181096
0.179810
0.178525
0.177239
0.175953
0.174667
0.173381
0.172096
0.170810
0.169525
0.168239
0.166954
0.165670
0.164385
0.163101
0.161817
0.160534
0.159251
0.157969
0.156687
0.155405
0.154124
0.152844
0.151564
0.150285
0.149007
0.147729
0.146452
0.145176
0.143900
0.142626
0.141352
0.140080
0.138808
0.137537
0.136267
0.134998
0.133731
0.132464
0.131199
0.129935
0.128672
0.127410
0.126150
0.124890
0.123633
0.122376
0.121121
0.119868
0.118616
0.117366
0.116117
0.114870
0.113624
0.112380
0.111138
0.109897
0.108659
0.107422
0.106187
0.104954
0.103722
0.102493
0.101266
0.100041
0.098818
0.097597
0.096378
0.095161
0.093947
0.092734
0.091525
0.090317
0.089112
0.087909
0.086709
0.085511
0.084315
0.083123
0.081932
0.080745
0.079560
0.078378
0.077198
0.076022
0.074848
0.073677
0.072509
0.071344
0.070181
0.069022
0.067866
0.066713
0.065563
0.064417
0.063273
0.062133
0.060996
0.059862
0.058732
0.057605
0.056482
0.055362
0.054246
0.053133
0.052024
0.050918
0.049816
0.048718
0.047624
0.046533
0.045447
0.044364
0.043285
0.042210
0.041139
0.040072
0.039009
0.037951
0.036896
0.035846
0.034800
0.033759
0.032721
0.031688
0.030660
0.029636
0.028616
0.027602
0.026591
0.025585
0.024584
0.023588
0.022597
0.021610
0.020628
0.019651
0.018679
0.017712
0.016750
0.015793
0.014841
0.013894
0.012953
0.012016
0.011085
0.010160
0.009239
0.008325
0.007415
0.006511
0.005613
0.004720
0.003833
0.002951
0.002076
0.001206
0.000342
-0.000517
-0.001370
-0.002218
-0.003061
-0.003899
-0.004732
-0.005559
-0.006381
-0.007198
-0.008010
-0.008816
-0.009617
-0.010414
-0.011205
-0.011990
-0.012771
-0.013547
-0.014317
-0.015083
-0.015843
-0.016599
-0.017349
-0.018094
-0.018834
-0.019569
-0.020299
-0.021025
-0.021745
-0.022460
-0.023170
-0.023875
-0.024575
-0.025271
-0.025961
-0.026647
-0.027327
-0.028003
-0.028674
-0.029340
-0.030001
-0.030657
-0.031308
-0.031955
-0.032596
-0.033233
-0.033866
-0.034493
-0.035115
-0.035733
-0.036346
-0.036955
-0.037558
-0.038157
-0.038751
-0.039341
-0.039925
-0.040505
-0.041081
-0.041651
-0.042218
-0.042779
-0.043336
-0.043888
-0.044436
-0.044979
-0.045517
-0.046051
-0.046581
-0.047105
-0.047626
-0.048141
-0.048653
-0.049159
-0.049662
-0.050159
-0.050653
-0.051141
-0.051626
-0.052106
-0.052581
-0.053052
-0.053519
-0.053981
-0.054439
-0.054893
-0.055342
-0.055787
-0.056227
-0.056664
-0.057095
-0.057523
-0.057946
-0.058365
-0.058780
-0.059190
-0.059596
-0.059998
-0.060396
-0.060790
-0.061179
-0.061564
-0.061945
-0.062321
-0.062694
-0.063062
-0.063427
-0.063787
-0.064143
-0.064495
-0.064842
-0.065186
-0.065526
-0.065861
-0.066193
-0.066520
-0.066844
-0.067163
-0.067478
-0.067790
-0.068097
-0.068400
-0.068700
-0.068995
-0.069287
-0.069574
-0.069858
-0.070138
-0.070413
-0.070685
-0.070953
-0.071218
-0.071478
-0.071734
-0.071987
-0.072236
-0.072481
-0.072722
-0.072959
-0.073193
-0.073422
-0.073649
-0.073871
-0.074089
-0.074304
-0.074515
-0.074723
-0.074926
-0.075126
-0.075322
-0.075515
-0.075704
-0.075889
-0.076071
-0.076249
-0.076424
-0.076594
-0.076762
-0.076925
-0.077085
-0.077242
-0.077395
-0.077544
-0.077690
-0.077833
-0.077972
-0.078107
-0.078239
-0.078367
-0.078492
-0.078614
-0.078732
-0.078847
-0.078958
-0.079066
-0.079170
-0.079271
-0.079369
-0.079463
-0.079554
-0.079642
-0.079726
-0.079807
-0.079885
-0.079959
-0.080030
-0.080098
-0.080162
-0.080224
-0.080282
-0.080336
-0.080388
-0.080436
-0.080481
-0.080523
-0.080562
-0.080597
-0.080630
-0.080659
-0.080685
-0.080708
-0.080728
-0.080745
-0.080758
-0.080769
-0.080777
-0.080781
-0.080782
-0.080781
-0.080776
-0.080768
-0.080758
-0.080744
-0.080727
-0.080707
-0.080685
-0.080659
-0.080631
-0.080599
-0.080565
-0.080527
-0.080487
-0.080444
-0.080398
-0.080349
-0.080297
-0.080243
-0.080185
-0.080125
-0.080062
-0.079996
-0.079927
-0.079856
-0.079781
-0.079704
-0.079625
-0.079542
-0.079457
-0.079369
-0.079278
-0.079185
-0.079089
-0.078990
-0.078889
-0.078785
-0.078678
-0.078568
-0.078456
-0.078342
-0.078225
-0.078105
-0.077983
-0.077858
-0.077730
-0.077600
-0.077467
-0.077332
-0.077195
-0.077055
-0.076912
-0.076767
-0.076619
-0.076469
-0.076317
-0.076162
-0.076004
-0.075844
-0.075682
-0.075518
-0.075350
-0.075181
-0.075009
-0.074835
-0.074659
-0.074480
-0.074299
-0.074115
-0.073930
-0.073741
-0.073551
-0.073359
-0.073164
-0.072967
-0.072767
-0.072566
-0.072362
-0.072156
-0.071948
-0.071737
-0.071525
-0.071310
-0.071093
-0.070874
-0.070653
-0.070429
-0.070204
-0.069977
-0.069747
-0.069515
-0.069282
-0.069046
-0.068808
-0.068568
-0.068326
-0.068082
-0.067836
-0.067588
-0.067338
-0.067086
-0.066832
-0.066577
-0.066319
-0.066059
-0.065798
-0.065534
-0.065269
-0.065001
-0.064732
-0.064461
-0.064188
-0.063913
-0.063637
-0.063358
-0.063078
-0.062796
-0.062512
-0.062227
-0.061939
-0.061650
-0.061359
-0.061067
-0.060772
-0.060476
-0.060178
-0.059879
-0.059578
-0.059275
-0.058970
-0.058664
-0.058356
-0.058047
-0.057736
-0.057423
-0.057109
-0.056793
-0.056475
-0.056156
-0.055836
-0.055514
-0.055190
-0.054865
-0.054538
-0.054210
-0.053880
-0.053549
-0.053216
-0.052882
-0.052546
-0.052209
-0.051871
-0.051531
-0.051190
-0.050847
-0.050503
-0.050157
-0.049810
-0.049462
-0.049113
-0.048762
-0.048409
-0.048056
-0.047701
-0.047345
-0.046987
-0.046629
-0.046269
-0.045908
-0.045545
-0.045181
-0.044817
-0.044450
-0.044083
-0.043715
-0.043345
-0.042974
-0.042602
-0.042229
-0.041854
-0.041479
-0.041103
-0.040725
-0.040346
-0.039966
-0.039585
-0.039203
-0.038820
-0.038436
-0.038051
-0.037665
-0.037278
-0.036890
-0.036501
-0.036111
-0.035720
-0.035328
-0.034935
-0.034541
-0.034146
-0.033750
-0.033354
-0.032956
-0.032558
-0.032158
-0.031758
-0.031357
-0.030955
-0.030553
-0.030149
-0.029745
-0.029340
-0.028934
-0.028527
-0.028120
-0.027712
-0.027303
-0.026893
-0.026483
-0.026071
-0.025660
-0.025247
-0.024834
-0.024420
-0.024006
-0.023590
-0.023175
-0.022758
-0.022341
-0.021923
-0.021505
-0.021086
-0.020667
-0.020247
-0.019826
-0.019405
-0.018983
-0.018561
-0.018139
-0.017715
-0.017292
-0.016867
-0.016443
-0.016018
-0.015592
-0.015166
-0.014740
-0.014313
-0.013885
-0.013458
-0.013030
-0.012601
-0.012172
-0.011743
-0.011314
-0.010884
-0.010454
-0.010023
-0.009593
-0.009161
-0.008730
-0.008298
-0.007866
-0.007434
-0.007002
-0.006569
-0.006136
-0.005703
-0.005270
-0.004837
-0.004403
-0.003969
-0.003535
-0.003101
-0.002667
-0.002232
-0.001798
-0.001363
-0.000929
-0.000494
-0.000059
0.000376
0.000811
0.001246
0.001681
0.002116
0.002551
0.002986
0.003421
0.003856
0.004291
0.004726
0.005161
0.005596
0.006031
0.006466
0.006901
0.007335
0.007769
0.008204
0.008638
0.009072
0.009506
0.009940
0.010373
0.010806
0.011240
0.011672
0.012105
0.012538
0.012970
0.013402
0.013834
0.014265
0.014696
0.015127
0.015558
0.015988
0.016418
0.016848
0.017277
0.017706
0.018135
0.018563
0.018991
0.019418
0.019845
0.020272
0.020698
0.021124
0.021549
0.021974
0.022398
0.022822
0.023245
0.023668
0.024091
0.024513
0.024934
0.025355
0.025775
0.026195
0.026614
0.027032
0.027450
0.027868
0.028284
0.028700
0.029116
0.029531
0.029945
0.030358
0.030771
0.031183
0.031595
0.032006
0.032416
0.032825
0.033233
0.033641
0.034048
0.034455
0.034860
0.035265
0.035669
0.036072
0.036474
0.036876
0.037276
0.037676
0.038075
0.038473
0.038870
0.039266
0.039662
0.040056
0.040450
0.040842
0.041234
0.041624
0.042014
0.042403
0.042791
0.043177
0.043563
0.043948
0.044332
0.044714
0.045096
0.045476
0.045856
0.046234
0.046612
0.046988
0.047363
0.047737
0.048110
0.048481
0.048852
0.049221
0.049589
0.049957
0.050322
0.050687
0.051050
0.051413
0.051774
0.052133
0.052492
0.052849
0.053205
0.053559
0.053913
0.054265
0.054616
0.054965
0.055313
0.055660
0.056005
0.056349
0.056691
0.057033
0.057373
0.057711
0.058048
0.058383
0.058717
0.059050
0.059381
0.059711
0.060039
0.060366
0.060691
0.061015
0.061337
0.061658
0.061977
0.062294
0.062610
0.062925
0.063238
0.063549
0.063858
0.064166
0.064473
0.064778
0.065081
0.065382
0.065682
0.065980
0.066276
0.066571
0.066864
0.067155
0.067445
0.067733
0.068019
0.068303
0.068586
0.068866
0.069145
0.069422
0.069698
0.069971
0.070243
0.070513
0.070781
0.071047
0.071311
0.071574
0.071834
0.072093
0.072349
0.072604
0.072857
0.073108
0.073357
0.073603
0.073848
0.074091
0.074332
0.074571
0.074808
0.075043
0.075276
0.075507
0.075736
0.075962
0.076187
0.076409
0.076630
0.076848
0.077064
0.077279
0.077490
0.077700
0.077908
0.078113
0.078317
0.078518
0.078717
0.078913
0.079108
0.079300
0.079490
0.079678
0.079863
0.080046
0.080227
0.080406
0.080582
0.080756
0.080928
0.081097
0.081264
0.081429
0.081591
0.081751
0.081908
0.082063
0.082216
0.082366
0.082514
0.082660
0.082802
0.082943
0.083081
0.083217
0.083350
0.083480
0.083608
0.083734
0.083857
0.083977
0.084095
0.084211
0.084323
0.084434
0.084541
0.084646
0.084749
0.084849
0.084946
0.085040
0.085132
0.085221
0.085308
0.085392
0.085473
0.085551
0.085627
0.085700
0.085771
0.085838
0.085903
0.085965
0.086024
0.086081
0.086134
0.086185
0.086233
0.086279
0.086321
0.086361
0.086397
0.086431
0.086462
0.086490
0.086515
0.086538
0.086557
0.086574
0.086587
0.086598
0.086605
0.086610
0.086612
0.086610
0.086606
0.086599
0.086588
0.086575
0.086559
0.086539
0.086517
0.086491
0.086462
0.086431
0.086396
0.086358
0.086317
0.086272
0.086225
0.086175
0.086121
0.086064
0.086004
0.085941
0.085875
0.085805
0.085732
0.085656
0.085577
0.085494
0.085408
0.085319
0.085227
0.085131
0.085032
0.084930
0.084825
0.084716
0.084603
0.084488
0.084369
0.084246
0.084121
0.083992
0.083859
0.083723
0.083584
0.083441
0.083295
0.083145
0.082992
0.082835
0.082675
0.082511
0.082344
0.082174
0.082000
0.081822
0.081641
0.081456
0.081268
0.081076
0.080880
0.080681
0.080478
0.080272
0.080062
0.079848
0.079631
0.079410
0.079186
0.078958
0.078726
0.078490
0.078251
0.078008
0.077761
0.077511
0.077256
0.076998
0.076737
0.076471
0.076202
0.075929
0.075652
0.075371
0.075086
0.074798
0.074506
0.074210
0.073910
0.073606
0.073298
0.072986
0.072671
0.072351
0.072028
0.071701
0.071369
0.071034
0.070695
0.070352
0.070005
0.069653
0.069298
0.068939
0.068576
0.068209
0.067837
0.067462
0.067083
0.066699
0.066311
0.065920
0.065524
0.065124
0.064720
0.064312
0.063899
0.063483
0.063062
0.062637
0.062208
0.061775
0.061338
0.060896
0.060450
0.060000
0.059546
0.059087
0.058624
0.058157
0.057685
0.057210
0.056730
0.056245
0.055756
0.055263
0.054766
0.054264
0.053758
0.053247
0.052733
0.052213
0.051690
0.051161
0.050629
0.050092
0.049550
0.049004
0.048454
0.047899
0.047340
0.046776
0.046207
0.045635
0.045057
0.044475
0.043889
0.043298
0.042702
0.042102
0.041497
0.040888
0.040274
0.039655
0.039032
0.038404
0.037771
0.037134
0.036492
0.035845
0.035194
0.034538
0.033878
0.033212
0.032542
0.031867
0.031188
0.030503
0.029814
0.029120
0.028421
0.027718
0.027010
0.026296
0.025579
0.024856
0.024128
0.023396
0.022658
0.021916
0.021169
0.020417
0.019660
0.018898
0.018131
0.017359
0.016583
0.015801
0.015014
0.014223
0.013426
0.012625
0.011818
0.011006
0.010190
0.009368
0.008541
0.007710
0.006873
0.006031
0.005184
0.004332
0.003474
0.002612
0.001745
0.000872
-0.000006
-0.000887
-0.001772
-0.002658
-0.003547
-0.004439
-0.005333
-0.006229
-0.007127
-0.008028
-0.008931
-0.009837
-0.010744
-0.011654
-0.012566
-0.013480
-0.014397
-0.015315
-0.016236
-0.017158
-0.018083
-0.019009
-0.019937
-0.020868
-0.021800
-0.022734
-0.023670
-0.024608
-0.025547
-0.026489
-0.027432
-0.028377
-0.029323
-0.030271
-0.031221
-0.032172
-0.033125
-0.034080
-0.035036
-0.035993
-0.036952
-0.037913
-0.038875
-0.039838
-0.040803
-0.041768
-0.042736
-0.043704
-0.044674
-0.045645
-0.046618
-0.047591
-0.048566
-0.049541
-0.050518
-0.051496
-0.052475
-0.053456
-0.054437
-0.055419
-0.056402
-0.057386
-0.058371
-0.059356
-0.060343
-0.061331
-0.062319
-0.063308
-0.064298
-0.065289
-0.066280
-0.067272
-0.068265
-0.069258
-0.070252
-0.071246
-0.072242
-0.073237
-0.074233
-0.075230
-0.076227
-0.077225
-0.078223
-0.079222
-0.080220
-0.081220
-0.082219
-0.083219
-0.084219
-0.085220
-0.086220
-0.087221
-0.088222
-0.089224
-0.090225
-0.091227
-0.092228
-0.093230
-0.094232
-0.095234
-0.096236
-0.097238
-0.098240
-0.099241
-0.100243
-0.101245
-0.102246
-0.103248
-0.104249
-0.105250
-0.106251
-0.107251
-0.108252
-0.109252
-0.110252
-0.111251
-0.112251
-0.113249
-0.114248
-0.115246
-0.116244
-0.117241
-0.118238
-0.119234
-0.120230
-0.121225
-0.122220
-0.123214
-0.124207
-0.125200
-0.126193
-0.127184
-0.128175
-0.129166
-0.130155
-0.131144
-0.132133
-0.133120
-0.134107
-0.135092
-0.136077
-0.137062
-0.138045
-0.139027
-0.140009
-0.140989
-0.141969
-0.142948
-0.143925
-0.144902
-0.145878
-0.146852
-0.147826
-0.148798
-0.149770
-0.150740
-0.151709
-0.152677
-0.153644
-0.154610
-0.155574
-0.156537
-0.157499
-0.158460
-0.159419
-0.160377
-0.161334
-0.162289
-0.163243
-0.164196
-0.165147
-0.166097
-0.167046
-0.167993
-0.168938
-0.169882
-0.170825
-0.171766
-0.172706
-0.173644
-0.174580
-0.175515
-0.176448
-0.177379
-0.178309
-0.179238
-0.180164
-0.181089
-0.182012
-0.182934
-0.183854
-0.184772
-0.185688
-0.186602
-0.187515
-0.188426
-0.189335
-0.190242
-0.191147
-0.192050
-0.192952
-0.193851
-0.194749
-0.195645
-0.196538
-0.197430
-0.198320
-0.199207
-0.200093
-0.200977
-0.201858
-0.202738
-0.203615
-0.204490
-0.205363
-0.206234
-0.207103
-0.207970
-0.208834
-0.209697
-0.210557
-0.211415
-0.212270
-0.213124
-0.213975
-0.214823
-0.215670
-0.216514
-0.217356
-0.218195
-0.219033
-0.219867
-0.220700
-0.221530
-0.222357
-0.223182
-0.224005
-0.224825
-0.225643
-0.226458
-0.227271
-0.228081
-0.228889
-0.229694
-0.230497
-0.231297
-0.232095
-0.232890
-0.233682
-0.234472
-0.235259
-0.236043
-0.236825
-0.237604
-0.238380
-0.239154
-0.239925
-0.240693
-0.241459
-0.242222
-0.242982
-0.243739
-0.244494
-0.245245
-0.245994
-0.246741
-0.247484
-0.248224
-0.248962
-0.249696
-0.250428
-0.251157
-0.251883
-0.252606
-0.253327
-0.254044
-0.254758
-0.255470
-0.256178
-0.256883
-0.257586
-0.258285
-0.258982
-0.259675
-0.260365
-0.261053
-0.261737
-0.262418
-0.263096
-0.263771
-0.264443
-0.265112
-0.265778
-0.266440
-0.267100
-0.267756
-0.268409
-0.269059
-0.269706
-0.270349
-0.270990
-0.271627
-0.272261
-0.272891
-0.273519
-0.274143
-0.274764
-0.275382
-0.275996
-0.276607
-0.277215
-0.277820
-0.278421
-0.279019
-0.279613
-0.280205
-0.280792
-0.281377
-0.281958
-0.282536
-0.283110
-0.283681
-0.284249
-0.284813
-0.285374
-0.285931
-0.286485
-0.287036
-0.287583
-0.288126
-0.288666
-0.289203
-0.289736
-0.290266
-0.290792
-0.291314
-0.291833
-0.292349
-0.292861
-0.293370
-0.293875
-0.294376
-0.294874
-0.295368
-0.295859
-0.296346
-0.296830
-0.297310
-0.297786
-0.298259
-0.298728
-0.299193
-0.299655
-0.300114
-0.300568
-0.301019
-0.301467
-0.301910
-0.302350
-0.302787
-0.303219
-0.303648
-0.304074
-0.304495
-0.304913
-0.305327
-0.305738
-0.306145
-0.306548
-0.306947
-0.307342
-0.307734
-0.308122
-0.308507
-0.308887
-0.309264
-0.309637
-0.310006
-0.310372
-0.310734
-0.311092
-0.311446
-0.311796
-0.312143
-0.312485
-0.312824
-0.313159
-0.313491
-0.313818
-0.314142
-0.314462
-0.314778
-0.315090
-0.315398
-0.315702
-0.316003
-0.316300
-0.316593
-0.316882
-0.317167
-0.317448
-0.317726
-0.317999
-0.318269
-0.318534
-0.318796
-0.319054
-0.319308
-0.319559
-0.319805
-0.320047
-0.320286
-0.320520
-0.320751
-0.320978
-0.321201
-0.321420
-0.321635
-0.321846
-0.322053
-0.322256
-0.322455
-0.322651
-0.322842
-0.323029
-0.323213
-0.323393
-0.323568
-0.323740
-0.323908
-0.324072
-0.324231
-0.324387
-0.324539
-0.324687
-0.324831
-0.324971
-0.325108
-0.325240
-0.325368
-0.325492
-0.325612
-0.325729
-0.325841
-0.325949
-0.326054
-0.326154
-0.326251
-0.326343
-0.326432
-0.326516
-0.326597
-0.326674
-0.326746
-0.326815
-0.326880
-0.326940
-0.326997
-0.327050
-0.327099
-0.327144
-0.327184
-0.327221
-0.327254
-0.327283
-0.327308
-0.327329
-0.327346
-0.327359
-0.327368
-0.327374
-0.327375
-0.327372
-0.327365
-0.327355
-0.327340
-0.327321
-0.327299
-0.327272
-0.327242
-0.327207
-0.327169
-0.327126
-0.327080
-0.327030
-0.326976
-0.326917
-0.326855
-0.326789
-0.326719
-0.326645
-0.326568
-0.326486
-0.326400
-0.326310
-0.326217
-0.326119
-0.326018
-0.325913
-0.325803
-0.325690
-0.325573
-0.325452
-0.325327
-0.325198
-0.325066
-0.324929
-0.324789
-0.324644
-0.324496
-0.324344
-0.324188
-0.324028
-0.323864
-0.323696
-0.323525
-0.323350
-0.323170
-0.322987
-0.322800
-0.322610
-0.322415
-0.322216
-0.322014
-0.321808
-0.321598
-0.321384
-0.321167
-0.320945
-0.320720
-0.320491
-0.320258
-0.320021
-0.319781
-0.319537
-0.319289
-0.319037
-0.318782
-0.318522
-0.318259
-0.317992
-0.317722
-0.317447
-0.317169
-0.316888
-0.316602
-0.316313
-0.316020
-0.315723
-0.315423
-0.315119
-0.314811
-0.314500
-0.314184
-0.313866
-0.313543
-0.313217
-0.312887
-0.312554
-0.312216
-0.311876
-0.311531
-0.311183
-0.310832
-0.310476
-0.310118
-0.309755
-0.309389
-0.309019
-0.308646
-0.308269
-0.307889
-0.307505
-0.307118
-0.306727
-0.306332
-0.305934
-0.305533
-0.305127
-0.304719
-0.304307
-0.303891
-0.303472
-0.303050
-0.302624
-0.302194
-0.301761
-0.301325
-0.300885
-0.300442
-0.299995
-0.299545
-0.299092
-0.298635
-0.298175
-0.297711
-0.297244
-0.296774
-0.296300
-0.295823
-0.295343
-0.294859
-0.294372
-0.293882
-0.293388
-0.292891
-0.292391
-0.291888
-0.291381
-0.290871
-0.290358
-0.289842
-0.289322
-0.288799
-0.288273
-0.287744
-0.287212
-0.286676
-0.286137
-0.285596
-0.285051
-0.284502
-0.283951
-0.283397
-0.282839
-0.282279
-0.281715
-0.281149
-0.280579
-0.280006
-0.279430
-0.278851
-0.278270
-0.277685
-0.277097
-0.276506
-0.275912
-0.275315
-0.274716
-0.274113
-0.273508
-0.272899
-0.272288
-0.271674
-0.271056
-0.270436
-0.269814
-0.269188
-0.268559
-0.267928
-0.267294
-0.266657
-0.266017
-0.265375
-0.264730
-0.264082
-0.263431
-0.262778
-0.262121
-0.261463
-0.260801
-0.260137
-0.259470
-0.258801
-0.258129
-0.257454
-0.256777
-0.256097
-0.255414
-0.254729
-0.254041
-0.253351
-0.252659
-0.251964
-0.251266
-0.250566
-0.249863
-0.249158
-0.248450
-0.247741
-0.247028
-0.246313
-0.245596
-0.244877
-0.244155
-0.243431
-0.242704
-0.241975
-0.241244
-0.240511
-0.239775
-0.239037
-0.238297
-0.237554
-0.236810
-0.236063
-0.235314
-0.234563
-0.233809
-0.233054
-0.232296
-0.231536
-0.230775
-0.230011
-0.229245
-0.228477
-0.227707
-0.226935
-0.226161
-0.225385
-0.224607
-0.223827
-0.223045
-0.222261
-0.221476
-0.220688
-0.219899
-0.219107
-0.218314
-0.217519
-0.216722
-0.215924
-0.215124
-0.214321
-0.213518
-0.212712
-0.211905
-0.211096
-0.210285
-0.209473
-0.208659
-0.207844
-0.207027
-0.206208
-0.205388
-0.204566
-0.203742
-0.202918
-0.202091
-0.201263
-0.200434
-0.199603
-0.198771
-0.197938
-0.197103
-0.196266
-0.195428
-0.194589
-0.193749
-0.192907
-0.192064
-0.191220
-0.190375
-0.189528
-0.188680
-0.187831
-0.186981
-0.186129
-0.185277
-0.184423
-0.183568
-0.182713
-0.181856
-0.180998
-0.180139
-0.179279
-0.178418
-0.177556
-0.176693
-0.175830
-0.174965
-0.174099
-0.173233
-0.172366
-0.171498
-0.170629
-0.169759
-0.168889
-0.168018
-0.167146
-0.166273
-0.165400
-0.164526
-0.163651
-0.162776
-0.161900
-0.161024
-0.160147
-0.159269
-0.158391
-0.157513
-0.156634
-0.155755
-0.154875
-0.153994
-0.153114
-0.152233
-0.151351
-0.150470
-0.149588
-0.148705
-0.147823
-0.146940
-0.146057
-0.145173
-0.144290
-0.143406
-0.142523
-0.141639
-0.140755
-0.139871
-0.138987
-0.138103
-0.137219
-0.136335
-0.135451
-0.134567
-0.133683
-0.132799
-0.131916
-0.131032
-0.130149
-0.129266
-0.128383
-0.127500
-0.126618
-0.125736
-0.124854
-0.123973
-0.123092
-0.122211
-0.121331
-0.120451
-0.119572
-0.118693
-0.117815
-0.116937
-0.116060
-0.115183
-0.114307
-0.113432
-0.112557
-0.111683
-0.110809
-0.109936
-0.109064
-0.108193
-0.107323
-0.106453
-0.105584
-0.104717
-0.103850
-0.102983
-0.102118
-0.101254
-0.100391
-0.099529
-0.098668
-0.097808
-0.096949
-0.096091
-0.095234
-0.094378
-0.093524
-0.092671
-0.091819
-0.090968
-0.090119
-0.089271
-0.088424
-0.087579
-0.086735
-0.085893
-0.085051
-0.084212
-0.083374
-0.082537
-0.081702
-0.080869
-0.080037
-0.079207
-0.078378
-0.077552
-0.076727
-0.075903
-0.075082
-0.074262
-0.073444
-0.072628
-0.071813
-0.071001
-0.070191
-0.069382
-0.068576
-0.067771
-0.066969
-0.066168
-0.065370
-0.064574
-0.063780
-0.062988
-0.062198
-0.061411
-0.060626
-0.059843
-0.059062
-0.058284
-0.057508
-0.056735
-0.055964
-0.055195
-0.054429
-0.053666
-0.052905
-0.052146
-0.051390
-0.050637
-0.049887
-0.049139
-0.048394
-0.047651
-0.046912
-0.046175
-0.045441
-0.044710
-0.043981
-0.043256
-0.042533
-0.041814
-0.041098
-0.040384
-0.039674
-0.038967
-0.038263
-0.037562
-0.036864
-0.036169
-0.035478
-0.034790
-0.034105
-0.033424
-0.032746
-0.032071
-0.031400
-0.030733
-0.030068
-0.029408
-0.028750
-0.028097
-0.027447
-0.026800
-0.026158
-0.025519
-0.024884
-0.024252
-0.023625
-0.023001
-0.022381
-0.021765
-0.021152
-0.020544
-0.019940
-0.019340
-0.018744
-0.018152
-0.017564
-0.016980
-0.016400
-0.015825
-0.015253
-0.014687
-0.014124
-0.013566
-0.013012
-0.012462
-0.011917
-0.011376
-0.010840
-0.010309
-0.009782
-0.009259
-0.008741
-0.008228
-0.007720
-0.007216
-0.006717
-0.006223
-0.005734
-0.005249
-0.004770
-0.004295
-0.003825
-0.003360
-0.002901
-0.002446
-0.001997
-0.001552
-0.001113
-0.000679
-0.000250
